0 0.627344 0.223438 0.264062 0.312500
0 0.034375 0.360156 0.068750 0.048438
0 0.376563 0.268750 0.018750 0.040625
0 0.298438 0.354687 0.018750 0.046875
0 0.268750 0.385937 0.021875 0.043750
0 0.376563 0.399219 0.018750 0.045312
0 0.297656 0.476562 0.020313 0.046875
0 0.266406 0.507812 0.020313 0.046875
0 0.237500 0.541406 0.018750 0.048438
0 0.121875 0.660937 0.015625 0.046875
0 0.296094 0.600000 0.020313 0.050000
0 0.328125 0.569531 0.018750 0.048438
0 0.375781 0.520312 0.051562 0.075000
0 0.441406 0.450000 0.020313 0.034375
0 0.390625 0.629687 0.115625 0.140625
0 0.290625 0.839063 0.190625 0.184375
0 0.587500 0.778125 0.034375 0.068750
0 0.628906 0.728125 0.020313 0.046875
0 0.675781 0.632031 0.051562 0.167187
0 0.734375 0.599219 0.018750 0.045312
0 0.928906 0.865625 0.142187 0.121875
0 0.825781 0.855469 0.051562 0.023438
0 0.850000 0.460938 0.078125 0.115625
0 0.735156 0.398438 0.020313 0.050000
0 0.960156 0.305469 0.017188 0.085938
0 0.178906 0.721094 0.020313 0.045312
0 0.422656 0.727344 0.020313 0.048438