0 0.703906 0.679688 0.426563 0.640625
0 0.376563 0.990625 0.018750 0.018750
0 0.960156 0.996875 0.017188 0.006250
0 0.414062 0.566406 0.121875 0.107813
0 0.247656 0.515625 0.129688 0.090625
0 0.178906 0.567187 0.048438 0.018750
0 0.315625 0.441406 0.125000 0.067187
0 0.459375 0.284375 0.081250 0.056250
0 0.718750 0.214844 0.068750 0.045312
0 0.040625 0.335938 0.062500 0.031250
0 0.075781 0.590625 0.098437 0.065625
0 0.984375 0.290625 0.025000 0.168750
0 0.872656 0.340625 0.070312 0.106250
0 0.641406 0.328906 0.129688 0.092188
0 0.604688 0.403125 0.103125 0.062500