0 0.580469 0.177344 0.035937 0.017188
0 0.653125 0.210938 0.012500 0.009375
0 0.675781 0.226562 0.017188 0.012500
0 0.715625 0.244531 0.009375 0.007812
0 0.617188 0.268750 0.012500 0.009375
0 0.591406 0.254688 0.057813 0.031250
0 0.756250 0.236719 0.028125 0.023438
0 0.780469 0.281250 0.017188 0.012500
0 0.807813 0.289062 0.009375 0.009375
0 0.883594 0.296875 0.017188 0.015625
0 0.458594 0.381250 0.020313 0.018750
0 0.548438 0.382812 0.015625 0.015625
0 0.526563 0.357031 0.043750 0.020313
0 0.590625 0.339062 0.012500 0.015625
0 0.673438 0.317969 0.025000 0.020313
0 0.649219 0.323437 0.010937 0.015625
0 0.633594 0.328906 0.010937 0.014063
0 0.610156 0.340625 0.035937 0.025000
0 0.709375 0.355469 0.012500 0.017188
0 0.873437 0.350781 0.015625 0.020313
0 0.850000 0.358594 0.012500 0.020313
0 0.783594 0.421094 0.010937 0.014063
0 0.826562 0.341406 0.043750 0.017188
0 0.770312 0.361719 0.090625 0.020313
0 0.700000 0.382812 0.059375 0.015625
0 0.721875 0.416406 0.012500 0.014063
0 0.706250 0.414844 0.012500 0.017188
0 0.682813 0.410938 0.028125 0.015625
0 0.653906 0.407031 0.020313 0.020313
0 0.729688 0.447656 0.012500 0.017188
0 0.714063 0.445312 0.012500 0.015625
0 0.696875 0.444531 0.012500 0.014063
0 0.658594 0.440625 0.014063 0.015625
0 0.628125 0.471875 0.015625 0.015625
0 0.300781 0.567187 0.032813 0.028125
0 0.470313 0.489844 0.306250 0.164062
0 0.384375 0.567187 0.009375 0.015625
0 0.454688 0.553906 0.009375 0.017188
0 0.478125 0.547656 0.031250 0.020313
0 0.504687 0.583594 0.025000 0.060937
0 0.550781 0.646875 0.026562 0.071875
0 0.591406 0.641406 0.023438 0.020313
0 0.632812 0.659375 0.028125 0.056250
0 0.399219 0.599219 0.020313 0.048438
0 0.365625 0.624219 0.021875 0.079687
0 0.301563 0.650000 0.015625 0.031250
0 0.407813 0.695312 0.021875 0.050000
0 0.507812 0.661719 0.037500 0.064062
0 0.571094 0.796094 0.023438 0.032813
0 0.660156 0.820312 0.023438 0.025000
0 0.654687 0.782813 0.025000 0.021875
0 0.655469 0.753906 0.039062 0.032813
0 0.684375 0.697656 0.028125 0.032813
0 0.691406 0.732812 0.029687 0.037500
0 0.753906 0.775781 0.017188 0.023438
0 0.753125 0.678906 0.050000 0.023438
0 0.771875 0.715625 0.025000 0.050000
0 0.778906 0.646094 0.023438 0.020313
0 0.807031 0.640625 0.020313 0.015625
0 0.844531 0.654687 0.020313 0.015625
0 0.767188 0.560937 0.043750 0.037500
0 0.687500 0.475000 0.012500 0.015625
0 0.671094 0.476562 0.014063 0.015625
0 0.789844 0.450000 0.010937 0.012500