0 0.991406 0.515625 0.017188 0.090625
0 0.976562 0.567187 0.046875 0.018750
0 0.840625 0.335938 0.062500 0.031250
0 0.660937 0.392188 0.062500 0.031250
0 0.713281 0.440625 0.048438 0.018750
0 0.737500 0.474219 0.090625 0.035937
0 0.875781 0.590625 0.098437 0.065625
0 0.696875 0.554688 0.081250 0.050000
0 0.557031 0.582031 0.017188 0.048438
0 0.635156 0.712500 0.120313 0.140625
0 0.537500 0.951562 0.050000 0.021875
0 0.618750 0.922656 0.050000 0.020313
0 0.664844 0.859375 0.048438 0.021875
0 0.549219 0.186719 0.045312 0.014063
0 0.375000 0.166406 0.046875 0.014063
0 0.750781 0.591406 0.067187 0.035937