0 0.841406 0.268750 0.317188 0.196875
0 0.944531 0.396094 0.110937 0.070312
0 0.725000 0.521875 0.175000 0.115625
0 0.717969 0.738281 0.248438 0.154688
0 0.161719 0.738281 0.070312 0.057813
0 0.064062 0.630469 0.050000 0.045312
0 0.532031 0.335156 0.207813 0.089063
0 0.303125 0.393750 0.128125 0.043750
0 0.213281 0.258594 0.057813 0.045312
0 0.341406 0.281250 0.170313 0.134375
0 0.139844 0.344531 0.182812 0.110937
0 0.009375 0.325000 0.018750 0.050000
0 0.019531 0.754687 0.035937 0.040625
0 0.350000 0.675000 0.346875 0.215625