0 0.492969 0.290625 0.045312 0.012500
0 0.511719 0.317188 0.045312 0.012500
0 0.411719 0.317188 0.085938 0.012500
0 0.472656 0.409375 0.085938 0.012500
0 0.391406 0.468750 0.048438 0.012500
0 0.207813 0.429688 0.134375 0.050000
0 0.122656 0.550781 0.048438 0.014063
0 0.020313 0.541406 0.037500 0.014063
0 0.064844 0.430469 0.123438 0.054688
0 0.067969 0.312500 0.129688 0.037500
0 0.148438 0.339062 0.050000 0.009375
0 0.087500 0.362500 0.043750 0.009375
0 0.044531 0.343750 0.048438 0.009375
0 0.171094 0.264062 0.042188 0.012500
0 0.721875 0.629687 0.350000 0.128125
0 0.581250 0.525781 0.090625 0.014063
0 0.499219 0.586719 0.176563 0.060937
0 0.332813 0.677344 0.062500 0.020313
0 0.832812 0.309375 0.043750 0.012500