0 0.463281 0.523438 0.079687 0.356250
0 0.714063 0.617969 0.081250 0.160938
0 0.543750 0.691406 0.050000 0.142187
0 0.348438 0.512500 0.037500 0.075000
0 0.394531 0.500000 0.032813 0.143750
0 0.249219 0.491406 0.029687 0.035937
0 0.135937 0.479687 0.031250 0.037500
0 0.652344 0.497656 0.039062 0.048438
0 0.314063 0.427344 0.056250 0.076563
0 0.592969 0.305469 0.026562 0.039062
0 0.630469 0.428125 0.029687 0.037500
0 0.274219 0.366406 0.017188 0.029687
0 0.315625 0.375781 0.021875 0.029687
0 0.436719 0.319531 0.035937 0.092188
0 0.394531 0.394531 0.051562 0.073438
0 0.252344 0.277344 0.023438 0.029687
0 0.186719 0.302344 0.017188 0.017188
0 0.203906 0.292969 0.014063 0.020313
0 0.363281 0.252344 0.017188 0.020313
0 0.416406 0.252344 0.042188 0.026562
0 0.402344 0.297656 0.035937 0.051562
0 0.503125 0.278906 0.034375 0.032813