1 0.426563 0.507031 0.025000 0.020313
1 0.364063 0.426563 0.031250 0.028125
1 0.630469 0.364844 0.023438 0.054688
1 0.671094 0.251563 0.026562 0.015625
1 0.656250 0.213281 0.040625 0.035937
1 0.802344 0.179688 0.023438 0.015625
1 0.685937 0.128125 0.028125 0.021875
1 0.552344 0.058594 0.020313 0.017188
1 0.408594 0.101562 0.026562 0.018750
1 0.352344 0.343750 0.026562 0.018750
1 0.237500 0.418750 0.037500 0.034375
1 0.192969 0.675781 0.029687 0.020313
1 0.128906 0.832812 0.029687 0.021875
1 0.296094 0.970313 0.026562 0.021875
1 0.476562 0.918750 0.031250 0.028125
1 0.692187 0.889844 0.031250 0.026562
1 0.656250 0.875781 0.025000 0.020313
1 0.724219 0.832812 0.023438 0.046875
1 0.655469 0.810156 0.042188 0.057813
1 0.760156 0.707812 0.032813 0.025000
1 0.840625 0.732031 0.037500 0.029687
1 0.714063 0.557813 0.028125 0.025000
1 0.702344 0.597656 0.029687 0.023438
1 0.821094 0.822656 0.029687 0.023438
1 0.826562 0.842187 0.028125 0.021875
1 0.763281 0.814844 0.032813 0.020313
1 0.735938 0.754687 0.040625 0.059375
1 0.717187 0.922656 0.040625 0.032813
1 0.812500 0.951562 0.034375 0.021875
1 0.866406 0.975000 0.023438 0.021875
1 0.884375 0.992969 0.021875 0.014063
1 0.871875 0.817969 0.021875 0.017188
1 0.877344 0.780469 0.017188 0.014063
1 0.823438 0.753906 0.018750 0.014063
1 0.811719 0.742188 0.023438 0.018750
1 0.785937 0.871875 0.031250 0.053125
1 0.668750 0.991406 0.025000 0.017188
1 0.457031 0.989062 0.020313 0.015625
1 0.570312 0.989844 0.040625 0.020313
1 0.592969 0.968750 0.023438 0.018750
1 0.294531 0.750000 0.023438 0.021875
1 0.312500 0.703125 0.021875 0.018750
1 0.492188 0.646875 0.028125 0.018750
1 0.533594 0.613281 0.042188 0.032813
1 0.275781 0.626563 0.023438 0.018750
1 0.270313 0.582031 0.037500 0.026562
1 0.111719 0.653906 0.020313 0.017188
1 0.095312 0.696875 0.021875 0.018750
1 0.063281 0.688281 0.023438 0.017188
1 0.006250 0.733594 0.012500 0.029687
1 0.062500 0.857031 0.034375 0.029687
1 0.084375 0.822656 0.031250 0.029687
1 0.105469 0.770312 0.035937 0.025000
1 0.200000 0.936719 0.034375 0.026562
1 0.699219 0.832812 0.026562 0.028125
1 0.702344 0.787500 0.020313 0.021875
1 0.597656 0.423438 0.029687 0.021875
1 0.588281 0.380469 0.023438 0.020313
1 0.858594 0.384375 0.029687 0.018750
1 0.528906 0.332813 0.026562 0.018750
1 0.399219 0.250000 0.026562 0.021875
1 0.221875 0.210156 0.040625 0.029687