1 0.412500 0.564063 0.015625 0.021875
1 0.407813 0.464844 0.009375 0.014063
1 0.464062 0.458594 0.009375 0.017188
1 0.506641 0.066016 0.013281 0.019531
1 0.459766 0.039844 0.013281 0.014063
1 0.470313 0.131641 0.009375 0.013281
1 0.510547 0.105078 0.033594 0.038281
1 0.549609 0.117188 0.017969 0.025000
1 0.625000 0.176563 0.021875 0.028125
1 0.617578 0.101562 0.010156 0.015625
1 0.606250 0.092188 0.012500 0.012500
1 0.653906 0.189844 0.007812 0.014063
1 0.625391 0.041406 0.022656 0.026562
1 0.673438 0.157422 0.018750 0.027344
1 0.706641 0.247656 0.013281 0.014063
1 0.718359 0.291016 0.008594 0.019531
1 0.751172 0.417969 0.008594 0.014063
1 0.812891 0.522656 0.007031 0.010937
1 0.814453 0.676953 0.010156 0.013281
1 0.860938 0.748437 0.012500 0.015625
1 0.863281 0.780469 0.014063 0.017188
1 0.892188 0.930469 0.012500 0.017188
1 0.532813 0.698438 0.018750 0.018750
1 0.587109 0.677734 0.014844 0.021094
1 0.548438 0.711719 0.012500 0.023438
1 0.589844 0.514062 0.014063 0.015625
1 0.466016 0.358984 0.016406 0.017969
1 0.062500 0.594531 0.012500 0.017188
1 0.192969 0.885938 0.014063 0.021875
1 0.739062 0.576562 0.015625 0.018750
1 0.758594 0.620703 0.014063 0.016406
1 0.578516 0.376563 0.019531 0.031250
1 0.250000 0.134766 0.015625 0.022656
1 0.335156 0.066797 0.017188 0.021094
1 0.256250 0.064844 0.021875 0.023438
1 0.098828 0.377734 0.016406 0.030469
1 0.397266 0.726953 0.013281 0.013281
1 0.528516 0.414844 0.019531 0.023438
1 0.606250 0.485547 0.021875 0.024219
1 0.714844 0.701562 0.014063 0.018750
1 0.547656 0.664844 0.014063 0.017188
1 0.948047 0.847656 0.017969 0.035937
1 0.948438 0.956250 0.015625 0.015625
1 0.452734 0.698828 0.017969 0.025781
1 0.308203 0.101953 0.019531 0.028906
1 0.583594 0.224609 0.023438 0.030469
1 0.506641 0.192969 0.022656 0.032813
1 0.563672 0.157812 0.024219 0.025000
1 0.141797 0.892188 0.017969 0.018750
1 0.134375 0.410156 0.012500 0.014063
1 0.479297 0.097266 0.017969 0.025781
1 0.569141 0.033203 0.028906 0.044531
1 0.639844 0.092578 0.029687 0.044531
1 0.728906 0.912891 0.020313 0.028906
1 0.391797 0.294141 0.017969 0.022656
1 0.690234 0.649219 0.024219 0.023438