1 0.375936 0.574219 0.017497 0.026562
1 0.531450 0.598437 0.025400 0.034375
1 0.593341 0.544531 0.039808 0.064062
1 0.628234 0.506250 0.022094 0.018750
1 0.715816 0.436719 0.028506 0.032813
1 0.725200 0.596875 0.022275 0.034375
1 0.752471 0.421875 0.017442 0.021875
1 0.776663 0.457031 0.012700 0.017188
1 0.809502 0.356250 0.019005 0.021875
1 0.825109 0.303125 0.012719 0.018750
1 0.856359 0.159375 0.012719 0.018750
1 0.547802 0.534375 0.020603 0.025000
1 0.536047 0.492188 0.012719 0.018750
1 0.570440 0.435937 0.015880 0.021875
1 0.585247 0.423438 0.014244 0.015625
1 0.566516 0.412500 0.011156 0.018750
1 0.628234 0.400000 0.012719 0.018750
1 0.647084 0.463281 0.025419 0.035937
1 0.271221 0.495312 0.017442 0.021875
1 0.272057 0.610938 0.025364 0.031250
1 0.343923 0.608594 0.056595 0.029687
1 0.207922 0.642188 0.022094 0.018750
1 0.078243 0.217969 0.015861 0.020313
1 0.168877 0.929688 0.015880 0.021875
1 0.524328 0.226562 0.017406 0.018750
1 0.593968 0.207813 0.031686 0.037500
1 0.595458 0.159375 0.015916 0.025000
1 0.450045 0.005469 0.015716 0.007812
1 0.661055 0.047656 0.012736 0.020313
1 0.925155 0.044531 0.019059 0.026562
1 0.512600 0.110156 0.015825 0.017188
1 0.436110 0.303906 0.025345 0.029687
1 0.281432 0.578125 0.019114 0.031250
1 0.020540 0.419531 0.028580 0.039062
1 0.147066 0.535156 0.025381 0.032813
1 0.295422 0.835938 0.012719 0.018750
1 0.565762 0.927344 0.012773 0.023438
1 0.658776 0.604688 0.023802 0.031250
1 0.706477 0.533594 0.028580 0.039062
1 0.668877 0.557813 0.019005 0.021875
1 0.740825 0.535937 0.031650 0.034375
1 0.515762 0.213281 0.047148 0.023438
1 0.709538 0.021875 0.022202 0.028125
1 0.340770 0.531250 0.025291 0.025000
1 0.350145 0.495312 0.022166 0.025000
1 0.448565 0.107813 0.009630 0.021875
1 0.208721 0.609375 0.014317 0.021875
1 0.518078 0.570312 0.014281 0.018750
1 0.512682 0.471875 0.019114 0.031250
1 0.521166 0.175000 0.007958 0.012500
1 0.825137 0.274219 0.040898 0.023438