1 0.332031 0.217188 0.042188 0.034375
1 0.352734 0.304297 0.024219 0.030469
1 0.393359 0.248438 0.021094 0.028125
1 0.642188 0.292187 0.034375 0.040625
1 0.646094 0.375781 0.017188 0.029687
1 0.712109 0.560937 0.024219 0.031250
1 0.560156 0.503906 0.020313 0.023438
1 0.561719 0.574609 0.014063 0.021094
1 0.381641 0.622656 0.013281 0.020313
1 0.130859 0.346875 0.024219 0.028125
1 0.145703 0.291797 0.035156 0.030469
1 0.282422 0.257812 0.017969 0.021875
1 0.058594 0.541016 0.020313 0.022656
1 0.255469 0.655078 0.020313 0.032031
1 0.406641 0.805469 0.019531 0.026562
1 0.379297 0.800391 0.014844 0.019531
1 0.423438 0.977344 0.018750 0.023438
1 0.057422 0.292969 0.042969 0.029687
1 0.373437 0.082422 0.018750 0.027344
1 0.571875 0.758984 0.015625 0.021094
1 0.770703 0.861719 0.013281 0.017188
1 0.813672 0.850000 0.014844 0.025000
1 0.971875 0.294141 0.018750 0.028906
1 0.949219 0.188672 0.014063 0.017969
1 0.844922 0.121484 0.014844 0.024219
1 0.721484 0.080469 0.027344 0.032813
1 0.735156 0.157031 0.023438 0.023438
1 0.677344 0.212109 0.020313 0.027344
1 0.584766 0.044141 0.010156 0.016406
1 0.612109 0.073047 0.014844 0.017969
1 0.367578 0.035156 0.013281 0.023438
1 0.154297 0.242188 0.021094 0.028125
1 0.170313 0.341406 0.015625 0.023438
1 0.275000 0.554297 0.015625 0.024219
1 0.224219 0.984375 0.020313 0.018750
1 0.247266 0.797656 0.019531 0.026562
1 0.474609 0.827734 0.024219 0.033594
1 0.984766 0.497266 0.013281 0.025781
1 0.957812 0.906641 0.015625 0.025781
1 0.885938 0.972266 0.025000 0.028906
1 0.636328 0.680078 0.044531 0.022656
1 0.515625 0.529687 0.031250 0.025000
1 0.480469 0.334375 0.020313 0.028125
1 0.439453 0.339844 0.019531 0.023438
1 0.398828 0.433594 0.013281 0.017188
1 0.442188 0.569531 0.021875 0.023438
1 0.494922 0.603125 0.039844 0.018750
1 0.478906 0.287109 0.026562 0.036719
1 0.564844 0.260547 0.020313 0.027344
1 0.441797 0.256250 0.017969 0.021875
1 0.497656 0.251563 0.014063 0.021875
1 0.225000 0.171484 0.018750 0.017969
1 0.046094 0.119531 0.020313 0.029687
1 0.079687 0.486719 0.015625 0.020313
1 0.117188 0.707812 0.025000 0.031250
1 0.065625 0.685937 0.021875 0.028125
1 0.060547 0.833594 0.024219 0.023438
1 0.342187 0.960156 0.021875 0.023438
1 0.448828 0.917188 0.010156 0.012500
1 0.803906 0.476172 0.020313 0.017969
1 0.628125 0.120313 0.043750 0.021875
1 0.397266 0.140234 0.013281 0.017969
1 0.311328 0.114844 0.044531 0.023438
1 0.206250 0.465234 0.021875 0.027344
1 0.660156 0.891406 0.010937 0.017188
1 0.658984 0.797656 0.014844 0.023438
1 0.719531 0.929688 0.014063 0.025000
1 0.830078 0.898438 0.013281 0.018750
1 0.749609 0.328125 0.011719 0.018750
1 0.658203 0.448047 0.010156 0.017969
1 0.683203 0.475000 0.016406 0.018750
1 0.238672 0.290625 0.046094 0.025000
1 0.181641 0.375781 0.050781 0.026562
1 0.096094 0.969531 0.054688 0.020313
1 0.123047 0.828125 0.052344 0.018750
1 0.698047 0.712891 0.017969 0.016406
1 0.653125 0.628125 0.015625 0.015625
1 0.576562 0.723437 0.021875 0.028125
1 0.446875 0.533203 0.040625 0.025781
1 0.315234 0.457031 0.049219 0.023438
1 0.503516 0.416797 0.019531 0.021094
1 0.965234 0.645703 0.017969 0.022656
1 0.112109 0.535547 0.030469 0.033594
1 0.130078 0.790234 0.019531 0.017969
1 0.724219 0.794922 0.014063 0.017969
1 0.410156 0.273047 0.014063 0.021094