1 0.557895 0.454960 0.047039 0.028670
1 0.432895 0.462700 0.034539 0.028525
1 0.107095 0.190798 0.029814 0.022220
1 0.364140 0.046294 0.034530 0.026963
1 0.366452 0.065762 0.023528 0.015898
1 0.372747 0.125209 0.036119 0.031669
1 0.321148 0.090780 0.026672 0.019059
1 0.320353 0.111846 0.021956 0.014317
1 0.256295 0.240734 0.018841 0.015844
1 0.114898 0.056387 0.023547 0.019023
1 0.403952 0.373555 0.020403 0.015861
1 0.416456 0.382168 0.023537 0.017461
1 0.875886 0.499482 0.045522 0.036464
1 0.878212 0.466643 0.040798 0.030161
1 0.946957 0.283030 0.037664 0.028561
1 0.929778 0.206432 0.031431 0.031614
1 0.789898 0.231387 0.023547 0.019023
1 0.789894 0.441543 0.023537 0.017461
1 0.815738 0.571312 0.037727 0.039498
1 0.969577 0.775118 0.020403 0.015861
1 0.739903 0.802462 0.020431 0.020548
1 0.730509 0.786837 0.020394 0.014298
1 0.697702 0.518868 0.020403 0.015861
1 0.510202 0.687600 0.017278 0.015825
1 0.318019 0.696194 0.017288 0.017388
1 0.443837 0.846330 0.040798 0.030161
1 0.989720 0.850145 0.020064 0.025291
1 0.939889 0.754805 0.020403 0.015861
1 0.728220 0.708794 0.034566 0.033212
1 0.706313 0.642333 0.025127 0.022166
1 0.396962 0.547838 0.031423 0.030052
1 0.098533 0.863481 0.034566 0.033212
1 0.682880 0.546257 0.028261 0.023764
1 0.703947 0.550881 0.017269 0.014263
1 0.491461 0.945430 0.020422 0.018986
1 0.347702 0.850118 0.020403 0.015861
1 0.367247 0.813427 0.025119 0.020603
1 0.221139 0.962618 0.020403 0.015861
1 0.074282 0.895485 0.029814 0.022220
1 0.056305 0.748565 0.021984 0.019005
1 0.325868 0.501027 0.042361 0.030178
1 0.228961 0.317342 0.026672 0.019059
1 0.269591 0.354061 0.026681 0.020622
1 0.140688 0.229833 0.025127 0.022166
1 0.164122 0.116552 0.025119 0.020603
1 0.484438 0.061101 0.028252 0.022202
1 0.461846 0.051753 0.033067 0.044131
1 0.639130 0.058757 0.028261 0.023764
1 0.668001 0.005569 0.017252 0.011137
1 0.936823 0.066524 0.020522 0.036173
1 0.963341 0.389962 0.020431 0.020548
1 0.743795 0.253252 0.021966 0.015880
1 0.470395 0.134666 0.050164 0.028706
1 0.548501 0.657958 0.025127 0.022166
1 0.908639 0.557967 0.026653 0.015934
1 0.906309 0.474328 0.018869 0.020531
1 0.177389 0.684512 0.023528 0.015898
1 0.400904 0.057222 0.033058 0.042569
1 0.558653 0.049355 0.023556 0.020586
1 0.783676 0.639253 0.032977 0.028506
1 0.834448 0.781395 0.025145 0.025291
1 0.608630 0.373537 0.017261 0.012700
1 0.613391 0.129860 0.029906 0.037845
1 0.603284 0.060320 0.028444 0.055014
1 0.824264 0.184493 0.020403 0.015861
1 0.879774 0.716661 0.043923 0.030197
1 0.025073 0.600145 0.025145 0.025291
1 0.012541 0.441497 0.015706 0.014244
1 0.673501 0.051708 0.025127 0.022166
1 0.388331 0.624337 0.020413 0.017423
1 0.612563 0.823583 0.025127 0.022166
1 0.936778 0.508730 0.023556 0.020586
1 0.768019 0.435256 0.017288 0.017388
1 0.746171 0.427462 0.020467 0.026798
1 0.274296 0.210366 0.036092 0.026981
1 0.489957 0.189998 0.026789 0.039372
1 0.925909 0.350155 0.026817 0.044059
1 0.918909 0.280596 0.022194 0.054942
1 0.785202 0.507912 0.017278 0.015825
1 0.762532 0.482104 0.012564 0.011083
1 0.796139 0.467305 0.020403 0.015861
1 0.584416 0.175909 0.021956 0.014317
1 0.243073 0.927607 0.045522 0.036464
1 0.693813 0.195458 0.025127 0.022166