1 0.531250 0.441797 0.021875 0.042969
1 0.541406 0.563672 0.023438 0.030469
1 0.856250 0.846094 0.018750 0.026562
1 0.960938 0.573047 0.021875 0.030469
1 0.942187 0.574609 0.012500 0.021094
1 0.882031 0.575781 0.026562 0.032813
1 0.924609 0.623437 0.014844 0.025000
1 0.903516 0.625781 0.010156 0.020313
1 0.786719 0.707031 0.014063 0.017188
1 0.987891 0.820312 0.016406 0.021875
1 0.633203 0.581250 0.013281 0.018750
1 0.622656 0.569141 0.014063 0.022656
1 0.437109 0.133203 0.030469 0.041406
1 0.470703 0.127734 0.025781 0.036719
1 0.641406 0.033984 0.023438 0.033594
1 0.717578 0.039453 0.028906 0.028906
1 0.714063 0.179297 0.015625 0.021094
1 0.508594 0.210938 0.014063 0.021875
1 0.376563 0.205469 0.034375 0.032813
1 0.153125 0.081641 0.012500 0.019531
1 0.159766 0.312500 0.016406 0.018750
1 0.177344 0.318359 0.010937 0.017969
1 0.445703 0.312109 0.013281 0.017969
1 0.308594 0.521875 0.014063 0.015625
1 0.329297 0.712109 0.014844 0.014844
1 0.162500 0.608984 0.025000 0.036719
1 0.075781 0.066797 0.020313 0.027344
1 0.176953 0.108984 0.013281 0.017969
1 0.252734 0.310547 0.027344 0.030469
1 0.322266 0.321484 0.019531 0.021094
1 0.461719 0.613281 0.026562 0.026562
1 0.196484 0.951172 0.027344 0.030469
1 0.420703 0.331250 0.019531 0.025000
1 0.414062 0.312109 0.012500 0.014844
1 0.057813 0.576172 0.015625 0.017969
1 0.171484 0.705078 0.011719 0.019531
1 0.205469 0.680469 0.017188 0.023438
1 0.081250 0.844922 0.012500 0.017969
1 0.168750 0.980859 0.018750 0.027344
1 0.315625 0.975781 0.015625 0.020313
1 0.518359 0.675781 0.024219 0.039062
1 0.715625 0.746484 0.015625 0.024219
1 0.672656 0.710547 0.017188 0.024219
1 0.814063 0.818750 0.018750 0.021875
1 0.922656 0.780469 0.017188 0.023438
1 0.928125 0.457813 0.018750 0.025000
1 0.941797 0.476953 0.039844 0.028906
1 0.908594 0.305078 0.020313 0.025781
1 0.954688 0.269922 0.009375 0.014844
1 0.942187 0.040234 0.018750 0.017969
1 0.855078 0.010937 0.035156 0.018750
1 0.533594 0.033203 0.017188 0.019531
1 0.701562 0.230469 0.012500 0.020313
1 0.858203 0.481250 0.022656 0.046875
1 0.330078 0.479687 0.019531 0.021875
1 0.375391 0.111719 0.013281 0.023438
1 0.459375 0.101172 0.018750 0.014844
1 0.360938 0.848047 0.012500 0.021094
1 0.944531 0.539453 0.039062 0.028906
1 0.928906 0.382812 0.017188 0.021875
1 0.316016 0.246094 0.025781 0.029687
1 0.166797 0.215625 0.021094 0.021875
1 0.603906 0.379297 0.010937 0.014844
1 0.842187 0.340234 0.034375 0.024219
1 0.911719 0.339062 0.051562 0.021875
1 0.756641 0.140234 0.013281 0.017969
1 0.223438 0.162109 0.025000 0.039844
1 0.465234 0.985938 0.021094 0.021875
1 0.624609 0.975781 0.011719 0.014063
1 0.910937 0.270313 0.018750 0.021875
1 0.389844 0.630859 0.014063 0.017969
1 0.159375 0.441016 0.018750 0.022656
1 0.419531 0.076172 0.017188 0.021094
1 0.518359 0.231250 0.014844 0.015625
1 0.529297 0.252344 0.024219 0.017188
1 0.812891 0.685156 0.022656 0.032813
1 0.800781 0.469922 0.035937 0.021094
1 0.578125 0.064062 0.040625 0.021875
1 0.646875 0.061719 0.053125 0.014063
1 0.444531 0.223828 0.014063 0.016406
1 0.473047 0.244531 0.008594 0.010937
1 0.481641 0.209375 0.013281 0.018750
1 0.800781 0.375781 0.010937 0.020313
1 0.112109 0.817969 0.030469 0.039062
1 0.764453 0.270703 0.019531 0.022656