1 0.256641 0.285156 0.025781 0.032813
1 0.306250 0.316797 0.025000 0.033594
1 0.477734 0.585156 0.024219 0.039062
1 0.291016 0.620703 0.028906 0.035156
1 0.190625 0.603516 0.025000 0.028906
1 0.056250 0.372656 0.034375 0.035937
1 0.124609 0.550781 0.027344 0.039062
1 0.642188 0.775000 0.021875 0.031250
1 0.850391 0.859766 0.022656 0.028906
1 0.712500 0.932813 0.015625 0.021875
1 0.561328 0.890625 0.032031 0.034375
1 0.514844 0.774219 0.017188 0.023438
1 0.481250 0.747656 0.018750 0.026562
1 0.497266 0.744141 0.013281 0.022656
1 0.532422 0.829688 0.021094 0.028125
1 0.793750 0.899609 0.025000 0.036719
1 0.948828 0.700781 0.032031 0.042188
1 0.965625 0.325000 0.018750 0.028125
1 0.414844 0.448828 0.023438 0.047656
1 0.087500 0.619922 0.025000 0.036719
1 0.276172 0.767578 0.021094 0.028906
1 0.238672 0.703906 0.024219 0.032813
1 0.244141 0.651953 0.019531 0.025781
1 0.421484 0.163672 0.021094 0.027344
1 0.655469 0.882422 0.020313 0.033594
1 0.298828 0.980469 0.013281 0.017188
1 0.313281 0.992969 0.014063 0.010937
1 0.556250 0.769922 0.012500 0.021094
1 0.583984 0.712500 0.014844 0.018750
1 0.752344 0.976953 0.014063 0.019531
1 0.772266 0.990625 0.013281 0.018750
1 0.746484 0.805469 0.014844 0.026562
1 0.747266 0.775781 0.019531 0.017188
1 0.731250 0.884375 0.015625 0.018750
1 0.619531 0.700000 0.014063 0.015625
1 0.625000 0.716797 0.015625 0.011719
1 0.656250 0.603906 0.015625 0.017188
1 0.124609 0.592578 0.021094 0.022656
1 0.198828 0.534375 0.016406 0.025000
1 0.180469 0.528125 0.010937 0.015625
1 0.701172 0.828516 0.017969 0.032031
1 0.660547 0.813281 0.014844 0.023438
1 0.612500 0.938281 0.015625 0.023438
1 0.752734 0.994922 0.014844 0.008594
1 0.533984 0.480078 0.017969 0.022656
1 0.586719 0.879687 0.010937 0.015625
1 0.747656 0.959766 0.007812 0.010156
1 0.718750 0.733984 0.012500 0.017969
1 0.673438 0.731641 0.025000 0.035156
1 0.061719 0.714063 0.017188 0.021875
1 0.143750 0.363281 0.015625 0.020313
1 0.038281 0.433594 0.029687 0.029687
1 0.856641 0.201172 0.022656 0.027344
1 0.721094 0.819531 0.014063 0.023438
1 0.704297 0.783594 0.024219 0.035937
1 0.737109 0.903125 0.042969 0.015625
1 0.871094 0.806641 0.017188 0.028906
1 0.918359 0.583984 0.021094 0.027344
1 0.921094 0.167969 0.017188 0.020313
1 0.155859 0.084375 0.014844 0.018750
1 0.626953 0.491406 0.010156 0.014063
1 0.587891 0.949219 0.010156 0.014063
1 0.475391 0.783203 0.016406 0.016406
1 0.336328 0.818750 0.013281 0.018750
1 0.658203 0.931641 0.010156 0.016406
1 0.817187 0.467187 0.009375 0.015625
1 0.797656 0.361719 0.017188 0.020313
1 0.562109 0.226172 0.017969 0.021094
1 0.575781 0.382422 0.010937 0.017969
1 0.550000 0.709375 0.009375 0.012500
1 0.175000 0.410938 0.012500 0.015625
1 0.344922 0.462500 0.014844 0.018750
1 0.017578 0.250391 0.019531 0.016406
1 0.533594 0.711328 0.026562 0.038281