1 0.481250 0.425000 0.015625 0.021875
1 0.549219 0.358594 0.023438 0.026562
1 0.633984 0.595313 0.049219 0.015625
1 0.743750 0.619141 0.012500 0.022656
1 0.776563 0.601172 0.028125 0.033594
1 0.823047 0.730469 0.011719 0.020313
1 0.855859 0.618359 0.017969 0.024219
1 0.906250 0.489844 0.015625 0.017188
1 0.850781 0.363281 0.014063 0.023438
1 0.622266 0.338281 0.013281 0.023438
1 0.541797 0.242188 0.027344 0.031250
1 0.301563 0.228516 0.015625 0.025781
1 0.149219 0.187891 0.017188 0.025781
1 0.044141 0.356641 0.016406 0.022656
1 0.021875 0.419141 0.025000 0.022656
1 0.110547 0.517188 0.024219 0.025000
1 0.160938 0.709766 0.021875 0.025781
1 0.170313 0.676562 0.015625 0.021875
1 0.217969 0.733594 0.042188 0.017188
1 0.229297 0.668359 0.049219 0.033594
1 0.334766 0.751172 0.019531 0.027344
1 0.322266 0.828516 0.022656 0.032031
1 0.467578 0.693359 0.019531 0.024219
1 0.428125 0.686719 0.018750 0.026562
1 0.410938 0.980469 0.021875 0.023438
1 0.237109 0.820312 0.017969 0.025000
1 0.219531 0.827734 0.017188 0.024219
1 0.237500 0.767578 0.015625 0.028906
1 0.289844 0.734375 0.051562 0.031250
1 0.135156 0.737500 0.026562 0.034375
1 0.118359 0.827344 0.017969 0.029687
1 0.037109 0.823438 0.014844 0.021875
1 0.048438 0.796484 0.037500 0.027344
1 0.101953 0.880469 0.016406 0.020313
1 0.084766 0.900000 0.016406 0.018750
1 0.248438 0.867188 0.012500 0.018750
1 0.282422 0.868359 0.011719 0.014844
1 0.299609 0.815625 0.011719 0.015625
1 0.310547 0.804297 0.014844 0.021094
1 0.189062 0.794141 0.046875 0.022656
1 0.063281 0.701172 0.017188 0.021094
1 0.043750 0.507031 0.012500 0.017188
1 0.047266 0.612500 0.028906 0.034375
1 0.077734 0.628516 0.014844 0.019531
1 0.244531 0.332813 0.017188 0.018750
1 0.288672 0.342187 0.014844 0.018750
1 0.362109 0.500000 0.014844 0.025000
1 0.396094 0.535156 0.026562 0.035937
1 0.355469 0.300781 0.014063 0.020313
1 0.396484 0.290625 0.021094 0.031250
1 0.311328 0.152344 0.013281 0.017188
1 0.271094 0.142187 0.014063 0.018750
1 0.275000 0.113281 0.012500 0.020313
1 0.225391 0.054297 0.022656 0.033594
1 0.270703 0.030859 0.013281 0.017969
1 0.149609 0.026562 0.027344 0.037500
1 0.120313 0.131250 0.025000 0.028125
1 0.153125 0.146875 0.025000 0.025000
1 0.205078 0.160547 0.019531 0.030469
1 0.064062 0.266016 0.021875 0.028906
1 0.214453 0.710938 0.022656 0.021875
1 0.256250 0.708984 0.018750 0.017969
1 0.577734 0.571875 0.017969 0.025000
1 0.615625 0.558984 0.015625 0.021094
1 0.983594 0.809375 0.017188 0.018750
1 0.642188 0.805078 0.015625 0.025781
1 0.652734 0.499219 0.014844 0.023438
1 0.714453 0.371094 0.016406 0.023438
1 0.730078 0.203125 0.022656 0.034375