1 0.510197 0.750831 0.017269 0.014162
1 0.656350 0.782940 0.043950 0.034630
1 0.114898 0.321934 0.020422 0.018869
1 0.454751 0.937582 0.028252 0.022039
1 0.895380 0.775863 0.028261 0.023602
1 0.424319 0.515730 0.036138 0.034584
1 0.564898 0.512559 0.020422 0.018869
1 0.703956 0.385216 0.020413 0.017306
1 0.252398 0.834452 0.026672 0.018905
1 0.414894 0.493019 0.017288 0.017288
1 0.698497 0.938345 0.021994 0.020439
1 0.718019 0.943019 0.017288 0.017288
1 0.757059 0.884416 0.014117 0.009456
1 0.944572 0.728974 0.023519 0.014198
1 0.077380 0.767228 0.014136 0.012581
1 0.092228 0.783648 0.018831 0.014172