1 0.367969 0.433594 0.017188 0.026562
1 0.520312 0.406250 0.025000 0.034375
1 0.582422 0.457813 0.036719 0.062500
1 0.616797 0.495312 0.021094 0.018750
1 0.704688 0.561328 0.028125 0.032031
1 0.708984 0.405469 0.021094 0.032813
1 0.741016 0.575781 0.016406 0.020313
1 0.763672 0.541406 0.011719 0.017188
1 0.798047 0.637500 0.017969 0.021875
1 0.815234 0.690234 0.011719 0.017969
1 0.851172 0.830859 0.011719 0.017969
1 0.538281 0.468359 0.020313 0.024219
1 0.525781 0.510938 0.010937 0.018750
1 0.560547 0.564844 0.014844 0.020313
1 0.577344 0.576562 0.014063 0.015625
1 0.560156 0.588281 0.010937 0.017188
1 0.619141 0.598047 0.013281 0.017969
1 0.637109 0.536328 0.024219 0.035156
1 0.267578 0.510547 0.016406 0.021094
1 0.266406 0.397656 0.023438 0.029687
1 0.336719 0.398047 0.054688 0.027344
1 0.201563 0.369922 0.021875 0.017969
1 0.086719 0.786719 0.014063 0.020313
1 0.154688 0.087109 0.015625 0.021094
1 0.524219 0.770312 0.017188 0.018750
1 0.592187 0.787109 0.031250 0.036719
1 0.594141 0.833984 0.016406 0.024219
1 0.456641 0.992188 0.016406 0.015625
1 0.662500 0.942578 0.012500 0.019531
1 0.919922 0.941406 0.017969 0.026562
1 0.514453 0.885156 0.016406 0.017188
1 0.434375 0.695703 0.025000 0.028906
1 0.274609 0.429688 0.017969 0.031250
1 0.024609 0.591016 0.027344 0.038281
1 0.143359 0.473438 0.024219 0.031250
1 0.281250 0.178125 0.012500 0.018750
1 0.542578 0.081641 0.013281 0.022656
1 0.644531 0.398047 0.023438 0.030469
1 0.693750 0.467578 0.028125 0.038281
1 0.656250 0.442188 0.018750 0.021875
1 0.725781 0.462109 0.029687 0.033594
1 0.515234 0.784375 0.046094 0.021875
1 0.709375 0.967969 0.021875 0.026562
1 0.335156 0.475000 0.023438 0.025000
1 0.343359 0.508984 0.021094 0.024219
1 0.453516 0.888281 0.010156 0.020313
1 0.203906 0.400781 0.014063 0.020313
1 0.507031 0.433984 0.014063 0.017969
1 0.505469 0.531250 0.017188 0.031250
1 0.520703 0.820703 0.007031 0.013281
1 0.817969 0.717969 0.039062 0.023438