1 0.456250 0.598047 0.021875 0.036719
1 0.530078 0.566406 0.019531 0.023438
1 0.700781 0.592969 0.026562 0.023438
1 0.701953 0.526953 0.016406 0.028906
1 0.567187 0.690625 0.025000 0.031250
1 0.697266 0.628906 0.019531 0.026562
1 0.617578 0.685156 0.010156 0.014063
1 0.655078 0.787109 0.022656 0.030469
1 0.655469 0.837500 0.014063 0.021875
1 0.713281 0.815625 0.014063 0.021875
1 0.844922 0.723047 0.014844 0.021094
1 0.887500 0.836328 0.015625 0.022656
1 0.820703 0.827734 0.010156 0.011719
1 0.791797 0.957812 0.011719 0.018750
1 0.736328 0.939453 0.013281 0.016406
1 0.751172 0.950391 0.011719 0.016406
1 0.887500 0.470703 0.015625 0.022656
1 0.932422 0.489453 0.014844 0.022656
1 0.986719 0.517188 0.026562 0.034375
1 0.801172 0.466016 0.014844 0.019531
1 0.669922 0.378516 0.014844 0.022656
1 0.714844 0.655469 0.023438 0.026562
1 0.562500 0.664062 0.015625 0.018750
1 0.548828 0.690234 0.010156 0.017969
1 0.480078 0.689844 0.022656 0.029687
1 0.527344 0.739453 0.014063 0.016406
1 0.506250 0.742578 0.012500 0.016406
1 0.387500 0.480078 0.012500 0.019531
1 0.509766 0.400391 0.019531 0.025781
1 0.617578 0.575391 0.025781 0.038281
1 0.615234 0.961719 0.014844 0.020313
1 0.524219 0.897266 0.014063 0.022656
1 0.455469 0.960547 0.010937 0.021094
1 0.409375 0.934766 0.015625 0.019531
1 0.376953 0.823828 0.013281 0.019531
1 0.201563 0.689453 0.021875 0.025781
1 0.221094 0.709375 0.010937 0.018750
1 0.255078 0.825391 0.016406 0.025781
1 0.110937 0.675000 0.025000 0.037500
1 0.097266 0.548828 0.013281 0.041406
1 0.169922 0.487500 0.017969 0.021875
1 0.273438 0.323828 0.012500 0.019531
1 0.287891 0.263672 0.019531 0.027344
1 0.333984 0.221094 0.017969 0.020313
1 0.294141 0.106641 0.022656 0.028906
1 0.202734 0.105859 0.017969 0.030469
1 0.473047 0.031641 0.017969 0.019531
1 0.576562 0.043359 0.015625 0.017969
1 0.546094 0.105859 0.014063 0.021094
1 0.690234 0.033594 0.014844 0.017188
1 0.753125 0.042578 0.021875 0.032031
1 0.816016 0.129688 0.010156 0.015625
1 0.717969 0.217969 0.014063 0.017188
1 0.921484 0.595313 0.014844 0.021875
1 0.914453 0.668359 0.013281 0.024219
1 0.864062 0.719531 0.012500 0.014063
1 0.801172 0.865234 0.011719 0.014844
1 0.783594 0.760938 0.014063 0.025000
1 0.081641 0.105859 0.019531 0.024219
1 0.075391 0.626172 0.019531 0.033594
1 0.132031 0.141016 0.045312 0.022656
1 0.363672 0.439063 0.030469 0.046875
1 0.404297 0.799219 0.030469 0.042188
1 0.707422 0.565625 0.014844 0.018750
1 0.936328 0.210547 0.025781 0.017969
1 0.079687 0.327344 0.015625 0.026562
1 0.030859 0.729297 0.017969 0.024219
1 0.332031 0.413281 0.017188 0.020313
1 0.392578 0.580078 0.028906 0.028906
1 0.530859 0.484375 0.014844 0.025000
1 0.758984 0.553125 0.024219 0.034375
1 0.963672 0.717187 0.021094 0.025000
1 0.963672 0.630859 0.011719 0.017969
1 0.446875 0.070312 0.021875 0.028125
1 0.063672 0.305078 0.011719 0.013281
1 0.016406 0.213281 0.032813 0.035937
1 0.833984 0.586719 0.014844 0.020313
1 0.804688 0.722266 0.012500 0.022656
1 0.775781 0.850391 0.010937 0.025781
1 0.650000 0.732031 0.015625 0.020313
1 0.533984 0.601562 0.017969 0.021875
1 0.050781 0.758984 0.010937 0.014844
1 0.041797 0.747266 0.014844 0.019531
1 0.160156 0.290625 0.026562 0.034375