1 0.561719 0.554970 0.048438 0.025564
1 0.428125 0.560356 0.034375 0.026963
1 0.112500 0.886101 0.028125 0.022202
1 0.552344 0.984584 0.035937 0.025419
1 0.152344 0.885366 0.035937 0.030106
1 0.379688 0.975909 0.021875 0.011192
1 0.304688 0.759484 0.018750 0.015844
1 0.407031 0.657930 0.020313 0.015861
1 0.420312 0.647802 0.025000 0.017478
1 0.896094 0.470576 0.045312 0.034902
1 0.903125 0.505705 0.040625 0.030161
1 0.807031 0.860347 0.032813 0.033194
1 0.925781 0.858766 0.029687 0.030033
1 0.810156 0.541543 0.023438 0.017461
1 0.822656 0.399428 0.035937 0.039481
1 0.923438 0.201690 0.021875 0.012755
1 0.630469 0.146212 0.020313 0.017423
1 0.704688 0.469641 0.018750 0.014281
1 0.483594 0.311037 0.017188 0.015825
1 0.384375 0.314153 0.015625 0.015806
1 0.394531 0.148683 0.042188 0.028616
1 0.980469 0.083766 0.029687 0.023783
1 0.909375 0.185266 0.018750 0.014281
1 0.715625 0.259575 0.034375 0.031650
1 0.697656 0.336855 0.023438 0.023711
1 0.378906 0.472829 0.029687 0.030033
1 0.025781 0.170485 0.029687 0.031595
1 0.683594 0.441561 0.026562 0.023747
1 0.704688 0.434466 0.015625 0.012681
1 0.432812 0.038391 0.018750 0.017406
1 0.290625 0.154815 0.021875 0.012755
1 0.315625 0.193114 0.025000 0.020603
1 0.151562 0.050109 0.018750 0.012719
1 0.310156 0.530714 0.042188 0.027053
1 0.226562 0.737645 0.025000 0.019041
1 0.181250 0.607177 0.025000 0.020603
1 0.144531 0.839199 0.023438 0.022148
1 0.379688 0.922802 0.025000 0.020603
1 0.529687 0.981413 0.028125 0.022202
1 0.508594 0.987743 0.026562 0.025486
1 0.695312 0.968132 0.028125 0.023764
1 0.775000 0.762627 0.021875 0.012755
1 0.505469 0.908894 0.051562 0.027162
1 0.528125 0.336864 0.025000 0.023728
1 0.923438 0.405614 0.025000 0.017478
1 0.939063 0.527434 0.015625 0.020494
1 0.128125 0.350127 0.021875 0.012755
1 0.610156 0.986855 0.023438 0.020586
1 0.780469 0.332222 0.032813 0.030069
1 0.825781 0.179043 0.023438 0.023711
1 0.625000 0.636028 0.015625 0.012681
1 0.876563 0.811828 0.018750 0.014281
1 0.985156 0.255641 0.029687 0.030033
1 0.732031 0.972012 0.023438 0.022148
1 0.362500 0.392297 0.018750 0.015844
1 0.575000 0.153270 0.025000 0.022166
1 0.959375 0.453252 0.021875 0.019005
1 0.787500 0.551653 0.015625 0.015806
1 0.764844 0.562618 0.020313 0.025236
1 0.516406 0.847012 0.023438 0.037773
1 0.645312 0.471239 0.025000 0.014353
1 0.493750 0.574401 0.031250 0.017552
1 0.671094 0.564345 0.048438 0.034939
1 0.799219 0.604116 0.035937 0.023856
1 0.857812 0.568877 0.021875 0.012755
1 0.870313 0.693877 0.021875 0.019005
1 0.878125 0.900909 0.021875 0.017442
1 0.389844 0.833712 0.020313 0.014298
1 0.216406 0.830732 0.045312 0.045839
1 0.106250 0.493859 0.018750 0.015844
1 0.062500 0.500909 0.021875 0.014317
1 0.056250 0.680596 0.021875 0.017442
1 0.048438 0.729815 0.021875 0.012755
1 0.069531 0.746284 0.032813 0.020694
1 0.587500 0.920458 0.025000 0.019041
1 0.643750 0.987609 0.018750 0.015844
1 0.817187 0.824382 0.028125 0.020639
1 0.728906 0.882168 0.023438 0.017461
1 0.979688 0.726672 0.018750 0.015844
1 0.768750 0.099346 0.021875 0.023692
1 0.868750 0.229797 0.018750 0.018969
1 0.767188 0.233757 0.028125 0.020639
1 0.754687 0.297747 0.015625 0.014244
1 0.646875 0.068096 0.021875 0.020567
1 0.496875 0.039971 0.021875 0.014317
1 0.359375 0.154797 0.018750 0.015844
1 0.350000 0.272802 0.025000 0.017478
1 0.384375 0.273583 0.025000 0.019041
1 0.343750 0.433684 0.015625 0.011119
1 0.050000 0.225127 0.021875 0.019005
1 0.160156 0.141706 0.051562 0.027162
1 0.059375 0.085320 0.028125 0.017514
1 0.239844 0.102589 0.042188 0.030178
1 0.870313 0.489153 0.015625 0.012681
1 0.791406 0.585347 0.032813 0.023819
1 0.317188 0.052544 0.034375 0.033212