1 0.257812 0.551562 0.012500 0.015625
1 0.248438 0.698438 0.028125 0.040625
1 0.612500 0.096484 0.015625 0.017969
1 0.066797 0.527734 0.017969 0.024219
1 0.294531 0.930078 0.020313 0.025781
1 0.473828 0.429297 0.028906 0.030469
1 0.498828 0.567578 0.016406 0.019531
1 0.646094 0.681641 0.014063 0.019531
1 0.135937 0.311719 0.015625 0.023438
1 0.492969 0.416016 0.014063 0.016406
1 0.105469 0.766797 0.017188 0.017969
1 0.103516 0.783984 0.016406 0.014844
1 0.166406 0.814063 0.007812 0.012500
1 0.349219 0.972656 0.010937 0.020313
1 0.171094 0.131641 0.010937 0.013281
1 0.158594 0.147656 0.010937 0.017188