1 0.315625 0.236828 0.037500 0.029906
1 0.342187 0.289953 0.037500 0.029906
1 0.592187 0.499346 0.043750 0.029942
1 0.652344 0.314176 0.039062 0.034602
1 0.649219 0.209470 0.032813 0.028316
1 0.428906 0.044654 0.042188 0.039308
1 0.603125 0.136846 0.043750 0.033067
1 0.765625 0.692288 0.034375 0.025200
1 0.827344 0.916502 0.032813 0.026753
1 0.917969 0.784443 0.023438 0.018886
1 0.894531 0.626676 0.039062 0.037727
1 0.780469 0.561015 0.026562 0.022030
1 0.758594 0.523524 0.029687 0.022048
1 0.753125 0.542260 0.025000 0.015770
1 0.835938 0.589153 0.031250 0.025181
1 0.875000 0.862618 0.040625 0.031486
1 0.651563 0.987235 0.046875 0.024470
1 0.267969 0.962587 0.029687 0.022048
1 0.462500 0.417342 0.053125 0.031559
1 0.678125 0.107149 0.040625 0.029923
1 0.803906 0.318845 0.032813 0.025191
1 0.745313 0.272766 0.037500 0.029906
1 0.690625 0.271957 0.028125 0.022039
1 0.170313 0.389153 0.031250 0.025181
1 0.875781 0.720417 0.035937 0.025209
1 0.771094 0.604755 0.023438 0.015761
1 0.710156 0.624278 0.020313 0.017306
1 0.957031 0.829738 0.017188 0.015725
1 0.783594 0.803212 0.029687 0.018923
1 0.753906 0.800059 0.020313 0.021994
1 0.866406 0.796153 0.020313 0.017306
1 0.692969 0.660206 0.017188 0.017288
1 0.708594 0.666447 0.014063 0.017269
1 0.590625 0.685211 0.018750 0.017297
1 0.644531 0.142265 0.026562 0.025155
1 0.575781 0.210234 0.026562 0.020467
1 0.572656 0.191456 0.017188 0.014162
1 0.814063 0.759475 0.034375 0.022075
1 0.802344 0.715702 0.026562 0.018905
1 0.935156 0.682890 0.026562 0.018905
1 0.479687 0.543823 0.025000 0.022020
1 0.878906 0.648487 0.017188 0.012600
1 0.941406 0.824251 0.010937 0.011002
1 0.714844 0.764903 0.020313 0.014181
1 0.717969 0.719645 0.039062 0.029914
1 0.775781 0.094599 0.023438 0.020448
1 0.408594 0.129755 0.023438 0.018886
1 0.493750 0.034475 0.034375 0.034575
1 0.154688 0.836028 0.031250 0.025181
1 0.800781 0.779765 0.026562 0.018905
1 0.765625 0.757149 0.040625 0.029923
1 0.885156 0.807091 0.020313 0.045431
1 0.770312 0.929778 0.031250 0.022056
1 0.537500 0.948528 0.031250 0.025181
1 0.111719 0.896162 0.023438 0.020448
1 0.122656 0.107091 0.020313 0.017306
1 0.478906 0.640675 0.017188 0.012600
1 0.950781 0.660987 0.017188 0.012600
1 0.796094 0.524269 0.017188 0.017288
1 0.849219 0.386778 0.020313 0.014181
1 0.923438 0.730523 0.018750 0.011047
1 0.430469 0.828956 0.017188 0.011038
1 0.325781 0.796943 0.023438 0.022011
1 0.216406 0.539130 0.023438 0.022011
1 0.374219 0.573497 0.020313 0.012619
1 0.710156 0.589884 0.014063 0.011019
1 0.455469 0.169581 0.017188 0.014162
1 0.485156 0.349278 0.020313 0.017306
1 0.714844 0.574341 0.042188 0.033058