1 0.496094 0.337763 0.045312 0.034902
1 0.465625 0.426690 0.021875 0.019005
1 0.478125 0.443096 0.021875 0.020567
1 0.447656 0.526808 0.042188 0.031741
1 0.582031 0.547829 0.029687 0.026908
1 0.452344 0.585311 0.026562 0.026872
1 0.870313 0.375945 0.028125 0.023764
1 0.872656 0.303262 0.023438 0.022148
1 0.995313 0.243805 0.009375 0.018859
1 0.805469 0.247829 0.029687 0.026908
1 0.759375 0.256377 0.021875 0.015880
1 0.753125 0.302507 0.028125 0.023764
1 0.684375 0.365770 0.025000 0.019041
1 0.607812 0.350109 0.018750 0.018969
1 0.589844 0.362637 0.023438 0.019023
1 0.621094 0.558748 0.026562 0.017497
1 0.514062 0.397184 0.053125 0.044369
1 0.492188 0.281468 0.037500 0.034811
1 0.173437 0.796366 0.046875 0.042733
1 0.293750 0.926726 0.028125 0.022202
1 0.247656 0.935329 0.029687 0.023783
1 0.489063 0.883067 0.043750 0.034884
1 0.537500 0.826726 0.028125 0.025327
1 0.607812 0.907940 0.021875 0.022130
1 0.551562 0.956395 0.025000 0.019041
1 0.550781 0.988665 0.023438 0.024205
1 0.575000 0.718877 0.021875 0.015880
1 0.624219 0.762618 0.020313 0.015861
1 0.642969 0.748538 0.017188 0.015825
1 0.627344 0.749319 0.017188 0.014263
1 0.614062 0.759484 0.018750 0.012719
1 0.623437 0.771984 0.018750 0.015844
1 0.900781 0.803298 0.029687 0.022220
1 0.744531 0.758839 0.042188 0.036428
1 0.582031 0.642305 0.020313 0.015861
1 0.789062 0.678270 0.025000 0.019041
1 0.930469 0.590016 0.029687 0.023783
1 0.830469 0.646993 0.020313 0.015861
1 0.876563 0.495458 0.025000 0.019041
1 0.996094 0.541452 0.007812 0.014153
1 0.728125 0.429070 0.028125 0.023764
1 0.735156 0.397012 0.023438 0.019023
1 0.744531 0.343051 0.014063 0.014227
1 0.733594 0.279787 0.017188 0.012700
1 0.503906 0.191579 0.029687 0.023783
1 0.439844 0.036928 0.035937 0.026981
1 0.283594 0.048628 0.032813 0.028506
1 0.167969 0.131368 0.020313 0.015861
1 0.097656 0.047829 0.029687 0.026908
1 0.206250 0.031359 0.018750 0.015844
1 0.371875 0.309484 0.018750 0.015844
1 0.474219 0.368850 0.017188 0.015825
1 0.471094 0.354787 0.017188 0.015825
1 0.489844 0.531350 0.017188 0.015825
1 0.452344 0.957149 0.020313 0.020548
1 0.428906 0.828243 0.020313 0.018986
1 0.467969 0.785274 0.020313 0.014298
1 0.528125 0.762627 0.021875 0.022130
1 0.270313 0.661083 0.025000 0.019041
1 0.581250 0.101763 0.034375 0.028525
1 0.642969 0.116761 0.060937 0.049147
1 0.682031 0.119741 0.035937 0.033231
1 0.720313 0.054833 0.025000 0.019041
1 0.664062 0.522020 0.025000 0.019041
1 0.725000 0.490752 0.021875 0.022130
1 0.635938 0.403252 0.021875 0.019005
1 0.839063 0.822820 0.028125 0.023764
1 0.556250 0.415807 0.031250 0.031614
1 0.876563 0.184484 0.018750 0.015844
1 0.909375 0.125891 0.018750 0.020531
1 0.218750 0.272766 0.018750 0.017406
1 0.892969 0.853225 0.017188 0.015825