1 0.491534 0.587600 0.017442 0.022075
1 0.420476 0.659520 0.025327 0.028416
1 0.328234 0.412809 0.053344 0.019369
1 0.214208 0.390698 0.012791 0.025145
1 0.179116 0.410329 0.030106 0.036283
1 0.129815 0.275073 0.012755 0.022020
1 0.093895 0.395422 0.019041 0.025219
1 0.042297 0.532903 0.015844 0.018931
1 0.101708 0.664153 0.015916 0.025181
1 0.341552 0.682895 0.014353 0.025164
1 0.428316 0.782195 0.028506 0.033139
1 0.682976 0.789153 0.015952 0.028306
1 0.842351 0.826672 0.019077 0.028344
1 0.954052 0.645413 0.017478 0.025200
1 0.975137 0.580614 0.025273 0.023728
1 0.881405 0.479052 0.025309 0.026853
1 0.826726 0.278252 0.022202 0.028380
1 0.817315 0.314153 0.015880 0.022056
1 0.767297 0.254942 0.043969 0.019259
1 0.754116 0.322956 0.051981 0.036538
1 0.643132 0.239180 0.020639 0.028361
1 0.657231 0.157949 0.023838 0.034648
1 0.504052 0.304805 0.020603 0.025236
1 0.545476 0.309484 0.019077 0.028344
1 0.562609 0.006166 0.022094 0.012331
1 0.747030 0.163391 0.019059 0.026781
1 0.765770 0.154797 0.019041 0.025219
1 0.746276 0.218850 0.017552 0.031450
1 0.691616 0.255787 0.055106 0.036573
1 0.854897 0.247820 0.028544 0.036264
1 0.872057 0.151672 0.019114 0.031469
1 0.956377 0.154778 0.015880 0.022056
1 0.944695 0.183040 0.039389 0.028580
1 0.886846 0.096975 0.017442 0.022075
1 0.907141 0.075100 0.017406 0.018950
1 0.736047 0.114135 0.012719 0.018895
1 0.698528 0.114135 0.012681 0.015770
1 0.679778 0.170385 0.012681 0.015770
1 0.668877 0.182903 0.015880 0.022056
1 0.797030 0.188572 0.050309 0.027144
1 0.931377 0.282922 0.019005 0.022094
1 0.951672 0.487573 0.012719 0.018895
1 0.947093 0.376745 0.031686 0.037864
1 0.914180 0.361809 0.015861 0.020494
1 0.740743 0.677453 0.018986 0.020531
1 0.693859 0.668841 0.015844 0.018931
1 0.617333 0.504778 0.015916 0.025181
1 0.579905 0.470476 0.028561 0.037827
1 0.625127 0.714153 0.015880 0.022056
1 0.581441 0.727471 0.022256 0.033067
1 0.671203 0.868832 0.014281 0.018914
1 0.714172 0.879778 0.015844 0.018931
1 0.711065 0.911010 0.012755 0.022020
1 0.764253 0.969677 0.025381 0.033103
1 0.873610 0.885302 0.025345 0.029978
1 0.839217 0.871239 0.025309 0.026853
1 0.784557 0.857940 0.022239 0.031505
1 0.933776 0.742324 0.023802 0.031523
1 0.771221 0.278262 0.023692 0.022148
1 0.726672 0.281359 0.018969 0.018969
1 0.389217 0.435266 0.019059 0.026781
1 0.350127 0.450091 0.015880 0.022056
1 0.318905 0.191497 0.015934 0.026744
1 0.309520 0.515716 0.015916 0.025181
1 0.246239 0.651663 0.017478 0.025200
1 0.230678 0.829043 0.023856 0.036211