1 0.660402 0.469704 0.030178 0.042533
1 0.566524 0.460256 0.017423 0.020512
1 0.552462 0.475899 0.020548 0.020548
1 0.461946 0.466561 0.027017 0.039372
1 0.474382 0.603262 0.023764 0.028398
1 0.405614 0.484530 0.026853 0.025309
1 0.713436 0.846212 0.020622 0.026798
1 0.786846 0.831368 0.020567 0.022111
1 0.814172 0.970385 0.012719 0.018895
1 0.874355 0.946194 0.017461 0.023637
1 0.824391 0.752480 0.023783 0.029961
1 0.805587 0.710238 0.014298 0.020477
1 0.758748 0.714962 0.020622 0.026798
1 0.680605 0.661819 0.017461 0.023637
1 0.674319 0.582131 0.017388 0.017388
1 0.657940 0.567297 0.019005 0.022094
1 0.474373 0.644613 0.014372 0.026727
1 0.606532 0.501018 0.041189 0.048911
1 0.715044 0.451735 0.030087 0.034720
1 0.130723 0.261147 0.036447 0.044169
1 0.029842 0.408703 0.019059 0.026781
1 0.011882 0.365743 0.020639 0.028361
1 0.001202 0.612527 0.002403 0.025055
1 0.119777 0.590016 0.030178 0.042533
1 0.189217 0.624346 0.022184 0.026817
1 0.127462 0.713399 0.020548 0.020548
1 0.011065 0.750091 0.015880 0.022056
1 0.064980 0.668069 0.017461 0.023637
1 0.032930 0.675927 0.025236 0.020603
1 0.305596 0.636020 0.014317 0.022039
1 0.273547 0.695403 0.015844 0.018931
1 0.293059 0.709457 0.014244 0.015789
1 0.287591 0.693823 0.012681 0.015770
1 0.275881 0.685220 0.011137 0.017314
1 0.264953 0.696957 0.014281 0.018914
1 0.301726 0.975109 0.019077 0.028344
1 0.306477 0.811901 0.031705 0.039427
1 0.382141 0.626645 0.014281 0.018914
1 0.396230 0.836819 0.017461 0.023637
1 0.518141 0.955587 0.020658 0.029923
1 0.436828 0.870395 0.014281 0.018914
1 0.597793 0.879006 0.017461 0.023637
1 0.627498 0.719649 0.020622 0.026798
1 0.660293 0.718069 0.017461 0.023637
1 0.715698 0.714135 0.012645 0.012645
1 0.775091 0.689135 0.012681 0.015770
1 0.807204 0.443087 0.020658 0.029923
1 0.943178 0.344668 0.023856 0.036211
1 0.955578 0.176645 0.014281 0.018914
1 0.892360 0.194677 0.025345 0.029978
1 0.782922 0.100091 0.015844 0.018931
1 0.846184 0.017324 0.023619 0.015898
1 0.889944 0.114926 0.014263 0.017352
1 0.657131 0.341488 0.014263 0.017352
1 0.622747 0.456332 0.014244 0.015789
1 0.635247 0.448520 0.014244 0.015789
1 0.468059 0.509457 0.014244 0.015789
1 0.040743 0.572766 0.018986 0.020531
1 0.161828 0.518850 0.017406 0.018950
1 0.212609 0.546948 0.012719 0.018895
1 0.249337 0.599337 0.020548 0.020548
1 0.287637 0.324328 0.019023 0.023656
1 0.033022 0.064989 0.025419 0.036228
1 0.913481 0.498574 0.023838 0.034648
1 0.914399 0.561973 0.044423 0.058322
1 0.919722 0.602516 0.030069 0.033158
1 0.987627 0.621930 0.009630 0.021984
1 0.520449 0.677453 0.019023 0.023656
1 0.564962 0.730587 0.020548 0.020548
1 0.630587 0.621194 0.017423 0.020512
1 0.268123 0.921212 0.020622 0.026798
1 0.597820 0.547048 0.030014 0.028470
1 0.904006 0.807113 0.014263 0.017352
1 0.970412 0.825891 0.018950 0.017406
1 0.656341 0.182903 0.015806 0.015806
1 0.250872 0.979770 0.014244 0.015789