1 0.548674 0.601726 0.028598 0.040952
1 0.467351 0.581395 0.025327 0.028416
1 0.297829 0.636909 0.033158 0.030069
1 0.285338 0.570430 0.020677 0.031486
1 0.450981 0.715798 0.030087 0.034720
1 0.307213 0.673574 0.023802 0.031523
1 0.397747 0.717251 0.011119 0.015752
1 0.376763 0.829851 0.028525 0.034702
1 0.384520 0.879797 0.019041 0.025219
1 0.322020 0.867297 0.019041 0.025219
1 0.170458 0.795422 0.019041 0.025219
1 0.148592 0.919641 0.019059 0.026781
1 0.214926 0.899282 0.011102 0.014189
1 0.318841 0.993440 0.015806 0.011880
1 0.086092 0.544641 0.019059 0.026781
1 0.042342 0.571203 0.019059 0.026781
1 0.173574 0.524328 0.019023 0.023656
1 0.292342 0.413391 0.019059 0.026781
1 0.294722 0.704079 0.030069 0.033158
1 0.451690 0.687609 0.019005 0.022094
1 0.470430 0.713354 0.012736 0.020458
1 0.539262 0.698601 0.028525 0.034702
1 0.499328 0.757912 0.017406 0.018950
1 0.521984 0.757903 0.015844 0.018931
1 0.600127 0.468841 0.015880 0.022056
1 0.459557 0.409520 0.025364 0.031541
1 0.379170 0.607222 0.033339 0.045694
1 0.446975 0.993484 0.018950 0.011969
1 0.530623 0.918087 0.020622 0.026798
1 0.611074 0.972747 0.015898 0.023619
1 0.653252 0.939172 0.019005 0.022094
1 0.667315 0.820403 0.015880 0.022056
1 0.824391 0.652498 0.026908 0.029997
1 0.807930 0.675872 0.015861 0.020494
1 0.792360 0.800909 0.022220 0.029942
1 0.915098 0.622066 0.033322 0.044131
1 0.908076 0.491534 0.022402 0.045567
1 0.822020 0.440752 0.022166 0.025255
1 0.689190 0.290716 0.015880 0.022056
1 0.665807 0.229833 0.025364 0.031541
1 0.609520 0.195440 0.022166 0.025255
1 0.631441 0.072820 0.028506 0.033139
1 0.724419 0.056387 0.023838 0.034648
1 0.436074 0.024346 0.022148 0.023692
1 0.331377 0.054797 0.019005 0.022094
1 0.373583 0.114172 0.019041 0.025219
1 0.214190 0.064172 0.019005 0.022094
1 0.150999 0.082985 0.030123 0.037845
1 0.101662 0.183666 0.012700 0.017333
1 0.217315 0.257922 0.019005 0.022094
1 0.072020 0.676672 0.019041 0.025219
1 0.090780 0.750891 0.019059 0.026781
1 0.151662 0.794622 0.015825 0.017369
1 0.240725 0.933684 0.015825 0.017369
1 0.241561 0.822774 0.020622 0.026798
1 0.848601 0.034520 0.025327 0.028416
1 0.943187 0.565780 0.026998 0.037809
1 0.803307 0.079978 0.050364 0.031831
1 0.616716 0.423665 0.039681 0.053580
1 0.635438 0.797884 0.039627 0.048892
1 0.286065 0.611047 0.019005 0.022094
1 0.003097 0.285211 0.006194 0.023547
1 0.888454 0.261837 0.020658 0.029923
1 0.643895 0.392315 0.022166 0.025255
1 0.609584 0.571294 0.034794 0.036338
1 0.452498 0.497774 0.020622 0.026798
1 0.231477 0.607213 0.031705 0.039427
1 0.047820 0.809530 0.026889 0.028434
1 0.034493 0.721184 0.015861 0.020494
1 0.469722 0.060311 0.026944 0.033122
1 0.900872 0.236020 0.014244 0.015789
1 0.927580 0.136110 0.030161 0.040970
1 0.159520 0.653234 0.019041 0.025219
1 0.214208 0.787591 0.015916 0.025181
1 0.264226 0.914153 0.015952 0.028306
1 0.373583 0.771984 0.019041 0.025219
1 0.468895 0.618877 0.022166 0.025255
1 0.988381 0.697702 0.008013 0.017278
1 0.989980 0.683621 0.004961 0.023492
1 0.800227 0.236919 0.034830 0.039462