1 0.486855 0.584548 0.029961 0.047220
1 0.452444 0.459548 0.029888 0.034720
1 0.074309 0.222012 0.023619 0.031523
1 0.075881 0.657967 0.026763 0.034684
1 0.082926 0.258794 0.034602 0.039462
1 0.046162 0.493051 0.014198 0.023602
1 0.236778 0.380569 0.017306 0.020512
1 0.355528 0.458694 0.017306 0.020512
1 0.368046 0.468087 0.020467 0.026798
1 0.639984 0.886946 0.039344 0.048892
1 0.607935 0.899419 0.034620 0.042588
1 0.250105 0.877544 0.034584 0.036338
1 0.278997 0.986009 0.032994 0.028269
1 0.553198 0.818859 0.018895 0.025219
1 0.690743 0.803362 0.040861 0.041098
1 0.901626 0.862591 0.015752 0.022056
1 0.891470 0.573555 0.020439 0.022111
1 0.599278 0.704006 0.017306 0.020512
1 0.701617 0.464172 0.018859 0.018969
1 0.676617 0.370422 0.018859 0.018969
1 0.836060 0.349401 0.031495 0.042552
1 0.914903 0.844631 0.017306 0.020512
1 0.800886 0.675972 0.033022 0.036319
1 0.724291 0.672012 0.023583 0.025273
1 0.525877 0.396284 0.033003 0.033194
1 0.735184 0.012691 0.032867 0.009756
1 0.621176 0.679842 0.026727 0.028434
1 0.632862 0.699309 0.015725 0.017369
1 0.950063 0.364172 0.018877 0.022094
1 0.807876 0.251653 0.015752 0.022056
1 0.777426 0.281387 0.023602 0.028398
1 0.876622 0.097747 0.015744 0.020494
1 0.454815 0.340807 0.031505 0.044114
1 0.239921 0.300899 0.020467 0.026798
1 0.353988 0.234512 0.023602 0.028398
1 0.123510 0.242315 0.022020 0.025255
1 0.097738 0.482949 0.023602 0.028398
1 0.074305 0.635293 0.023611 0.029961
1 0.056341 0.619005 0.043931 0.031759
1 0.122747 0.790780 0.026744 0.031559
1 0.081300 0.835229 0.012600 0.017333
1 0.336005 0.827434 0.015761 0.023619
1 0.137655 0.598620 0.031559 0.053489
1 0.686015 0.510302 0.025155 0.026853
1 0.707890 0.900891 0.018905 0.026781
1 0.595367 0.937627 0.021984 0.019005
1 0.586005 0.135247 0.015761 0.023619
1 0.087573 0.714190 0.022020 0.025255
1 0.746198 0.749409 0.033022 0.036319
1 0.901635 0.765770 0.025145 0.025291
1 0.423487 0.661809 0.015725 0.017369
1 0.310997 0.935247 0.015744 0.020494
1 0.863399 0.936128 0.033048 0.041006
1 0.451612 0.013427 0.025100 0.017478
1 0.289889 0.046957 0.014153 0.015789
1 0.128202 0.827471 0.022030 0.026817
1 0.596938 0.364172 0.018877 0.022094
1 0.870390 0.521221 0.022030 0.026817
1 0.670385 0.943877 0.022020 0.025255
1 0.539117 0.800109 0.018859 0.018969
1 0.523505 0.780632 0.028261 0.023764
1 0.200082 0.597112 0.040789 0.028598
1 0.583671 0.649319 0.017342 0.026763
1 0.452434 0.523555 0.020494 0.031486
1 0.500931 0.691634 0.039363 0.052017
1 0.490734 0.822038 0.028344 0.037827
1 0.537568 0.869622 0.015761 0.023619
1 0.421943 0.905596 0.022011 0.023692
1 0.226635 0.953234 0.018895 0.025219
1 0.182876 0.475091 0.015752 0.022056
1 0.149364 0.309657 0.048728 0.050564
1 0.445372 0.141516 0.018869 0.020531
1 0.428974 0.100881 0.017323 0.023637
1 0.257104 0.128243 0.020458 0.025236
1 0.209438 0.129778 0.015752 0.022056
1 0.197756 0.154824 0.023637 0.034648
1 0.144609 0.679024 0.020467 0.026798
1 0.093028 0.746194 0.017306 0.020512
1 0.286809 0.879824 0.023619 0.031523
1 0.211787 0.807131 0.017323 0.023637
1 0.965688 0.695458 0.025127 0.022166
1 0.862563 0.814190 0.022002 0.022130
1 0.837587 0.719659 0.022048 0.029942
1 0.773487 0.718059 0.015725 0.017369
1 0.968037 0.574355 0.023573 0.023711
1 0.961005 0.425872 0.015761 0.023619
1 0.822716 0.318069 0.017306 0.020512
1 0.707890 0.330578 0.018905 0.026781
1 0.715707 0.364190 0.022039 0.028380
1 0.553956 0.353988 0.014162 0.017352
1 0.689135 0.036065 0.022020 0.025255
1 0.791552 0.125191 0.033103 0.050381
1 0.822720 0.020430 0.020439 0.022111
1 0.847007 0.191606 0.034639 0.045713
1 0.617237 0.866497 0.015725 0.017369
1 0.506350 0.809520 0.025200 0.034666
1 0.910261 0.257241 0.036147 0.036356