1 0.313391 0.776695 0.045531 0.037764
1 0.339939 0.689921 0.026753 0.032967
1 0.378212 0.749282 0.022048 0.029814
1 0.629810 0.721203 0.037745 0.042406
1 0.640720 0.636773 0.018941 0.032922
1 0.718064 0.453984 0.026753 0.032967
1 0.561791 0.501630 0.023583 0.025136
1 0.568818 0.430514 0.015761 0.023528
1 0.389907 0.371916 0.014189 0.021956
1 0.118055 0.633671 0.026736 0.029842
1 0.131350 0.687609 0.037700 0.034594
1 0.264912 0.732091 0.020448 0.023556
1 0.057885 0.431313 0.022020 0.025127
1 0.264162 0.328188 0.022075 0.034502
1 0.426645 0.187563 0.022039 0.028252
1 0.399278 0.189894 0.017306 0.020413
1 0.453979 0.015684 0.020458 0.025119
1 0.039944 0.681382 0.045512 0.034639
1 0.346180 0.914903 0.020486 0.029806
1 0.589912 0.244581 0.017323 0.023537
1 0.796930 0.154733 0.015734 0.018841
1 0.839921 0.168019 0.017342 0.026662
1 0.961809 0.740684 0.020494 0.031369
1 0.932872 0.846139 0.015744 0.020403
1 0.824296 0.905519 0.017342 0.026662
1 0.696198 0.938368 0.029897 0.036111
1 0.715698 0.864135 0.025145 0.025145
1 0.661024 0.802407 0.022048 0.029814
1 0.557077 0.967220 0.011028 0.015689
1 0.585216 0.939894 0.017306 0.020413
1 0.337573 0.962545 0.015770 0.025091
1 0.136805 0.739912 0.023611 0.029823
1 0.157104 0.639112 0.017333 0.025100
1 0.277421 0.432081 0.017342 0.026662
1 0.253143 0.002420 0.021911 0.004841
1 0.264926 0.184434 0.020477 0.028244
1 0.497761 0.169609 0.026772 0.036092
1 0.990702 0.536764 0.015780 0.026653
1 0.988359 0.121144 0.017342 0.026662
1 0.919618 0.050859 0.026736 0.029842
1 0.650854 0.328257 0.045458 0.025264
1 0.518046 0.472752 0.032967 0.026753
1 0.471180 0.669599 0.023611 0.029823
1 0.428979 0.660997 0.020458 0.025119
1 0.396148 0.564103 0.014172 0.018831
1 0.446171 0.428974 0.023592 0.026698
1 0.502407 0.398560 0.042314 0.022120
1 0.464957 0.714930 0.029914 0.039236
1 0.550087 0.747720 0.022048 0.029814
1 0.425849 0.744591 0.020448 0.023556
1 0.480537 0.752394 0.017323 0.023537
1 0.202403 0.814903 0.020431 0.020431
1 0.018841 0.856313 0.022056 0.031377
1 0.075845 0.487550 0.017314 0.021975
1 0.127439 0.268046 0.026753 0.032967
1 0.075868 0.286787 0.023611 0.029823
1 0.078984 0.138359 0.026717 0.026717
1 0.371166 0.028193 0.023583 0.025136
1 0.475818 0.078157 0.011011 0.012564
1 0.806309 0.544595 0.021994 0.020439
1 0.603979 0.892320 0.045458 0.025264
1 0.373497 0.857077 0.015744 0.020403
1 0.285234 0.879038 0.045467 0.026827
1 0.202430 0.518037 0.023611 0.029823
1 0.685987 0.116443 0.012600 0.017261
1 0.680541 0.212550 0.017333 0.025100
1 0.750077 0.082077 0.015780 0.026653
1 0.858653 0.122697 0.014181 0.020394
1 0.741466 0.691447 0.014181 0.020394
1 0.657086 0.564095 0.011047 0.018814
1 0.683653 0.539894 0.017306 0.020413
1 0.222738 0.697016 0.048602 0.028406
1 0.172747 0.606400 0.051744 0.031550
1 0.123478 0.006754 0.056331 0.013508
1 0.143032 0.145472 0.054814 0.022194
1 0.714894 0.299278 0.020413 0.017306
1 0.663331 0.383644 0.017288 0.017288
1 0.593055 0.280537 0.023611 0.029823
1 0.450863 0.464185 0.042352 0.028370
1 0.311801 0.534525 0.051727 0.028425
1 0.499287 0.586778 0.020448 0.023556
1 0.978979 0.384434 0.020458 0.025119
1 0.111823 0.441502 0.033022 0.036128
1 0.146153 0.185216 0.020431 0.020431
1 0.746153 0.219581 0.017306 0.020413
1 0.395380 0.724264 0.015761 0.023528