1 0.411801 0.564185 0.042352 0.028370
1 0.431323 0.481332 0.028270 0.025164
1 0.374314 0.313368 0.029878 0.032986
1 0.441470 0.296970 0.032939 0.022066
1 0.296180 0.468073 0.036111 0.029897
1 0.337573 0.321966 0.031395 0.025181
1 0.293005 0.414112 0.017261 0.012600
1 0.179770 0.395413 0.034539 0.028325
1 0.128961 0.404765 0.026672 0.018905
1 0.141461 0.340702 0.026672 0.018905
1 0.214117 0.187573 0.025109 0.018895
1 0.088336 0.165702 0.026672 0.018905
1 0.110193 0.232853 0.014136 0.012581
1 0.009420 0.339117 0.018841 0.015734
1 0.002979 0.326585 0.005958 0.015670
1 0.466461 0.095390 0.026672 0.018905
1 0.439898 0.051640 0.026672 0.018905
1 0.403175 0.011828 0.037600 0.017406
1 0.488336 0.184443 0.023547 0.018886
1 0.600836 0.303202 0.026672 0.018905
1 0.307118 0.310252 0.032986 0.029878
1 0.325836 0.468818 0.023547 0.018886
1 0.300818 0.487559 0.020386 0.012619
1 0.314145 0.557913 0.034539 0.028325
1 0.253961 0.518809 0.020422 0.018869
1 0.253170 0.540680 0.018841 0.015734
1 0.546920 0.614126 0.021966 0.015752
1 0.606323 0.471966 0.031395 0.025181
1 0.405569 0.393882 0.045512 0.034639
1 0.010383 0.468818 0.020766 0.018886
1 0.091466 0.552421 0.026681 0.020467
1 0.036764 0.634443 0.023528 0.015761
1 0.071148 0.676630 0.023547 0.018886
1 0.192233 0.689126 0.021966 0.015752
1 0.362582 0.843841 0.031414 0.028306
1 0.338322 0.827403 0.020394 0.014181
1 0.211001 0.814153 0.031377 0.022056
1 0.392283 0.935284 0.043941 0.033067
1 0.524282 0.926695 0.045439 0.022139
1 0.575845 0.839140 0.026689 0.022030
1 0.728170 0.701626 0.021966 0.015752
1 0.787573 0.675091 0.031395 0.025181
1 0.823501 0.618823 0.025127 0.022020
1 0.948520 0.639163 0.034539 0.028325
1 0.964130 0.732131 0.034511 0.023637
1 0.989903 0.441447 0.014181 0.020394
1 0.964117 0.336001 0.021984 0.018877
1 0.904742 0.379760 0.025109 0.018895
1 0.951613 0.216452 0.015725 0.017278
1 0.932895 0.153216 0.031414 0.028306
1 0.833630 0.104737 0.017261 0.012600
1 0.759430 0.223501 0.021984 0.018877
1 0.332867 0.084448 0.025109 0.018895
1 0.258648 0.104765 0.026672 0.018905
1 0.214889 0.167237 0.017278 0.015725
1 0.074264 0.259425 0.017278 0.015725
1 0.186778 0.258671 0.026681 0.020467
1 0.983666 0.856318 0.023583 0.025136
1 0.450077 0.963391 0.037655 0.026781
1 0.940770 0.812591 0.031541 0.050181
1 0.593082 0.630628 0.054914 0.039381
1 0.213395 0.657172 0.048664 0.039344
1 0.401617 0.300063 0.021984 0.018877
1 0.727389 0.005730 0.023528 0.011461
1 0.758653 0.902430 0.029806 0.020486
1 0.623501 0.657885 0.025127 0.022020
1 0.443073 0.625886 0.036147 0.036147
1 0.515684 0.466488 0.028244 0.020477
1 0.405559 0.243863 0.039244 0.031477
1 0.199296 0.061805 0.029842 0.026736
1 0.288327 0.046934 0.020403 0.015744
1 0.960234 0.475877 0.032967 0.026753
1 0.784416 0.914889 0.015706 0.014153
1 0.357867 0.173510 0.025109 0.018895
1 0.223483 0.229760 0.025091 0.015770
1 0.094577 0.282899 0.029778 0.015798
1 0.239117 0.390698 0.025109 0.018895
1 0.393813 0.484448 0.025127 0.022020
1 0.781350 0.811055 0.040825 0.034611