1 0.395467 0.549282 0.022184 0.026689
1 0.407913 0.443005 0.012700 0.017261
1 0.467305 0.449255 0.012736 0.020386
1 0.586074 0.047711 0.019023 0.023547
1 0.543078 0.010988 0.017406 0.018850
1 0.536028 0.109412 0.012681 0.015698
1 0.583085 0.090752 0.044295 0.047130
1 0.621266 0.110224 0.023783 0.029823
1 0.687700 0.187582 0.028525 0.034539
1 0.696975 0.107068 0.012700 0.017261
1 0.685238 0.094572 0.014227 0.014144
1 0.715725 0.205505 0.012700 0.017261
1 0.716597 0.046180 0.030069 0.032986
1 0.743151 0.176630 0.023802 0.031386
1 0.760266 0.278175 0.017406 0.018850
1 0.764980 0.325822 0.014336 0.023519
1 0.775100 0.463318 0.012700 0.017261
1 0.818832 0.583621 0.009539 0.014117
1 0.791497 0.746916 0.014244 0.015706
1 0.826672 0.828170 0.015844 0.018841
1 0.823565 0.862555 0.019005 0.021984
1 0.493096 0.712568 0.023692 0.022011
1 0.554833 0.703180 0.019041 0.025109
1 0.507186 0.728956 0.017497 0.026662
1 0.587609 0.532867 0.018969 0.018859
1 0.488409 0.346934 0.020567 0.021994
1 0.023555 0.511764 0.015861 0.020403
1 0.104061 0.841466 0.020622 0.026681
1 0.732940 0.626617 0.019005 0.021984
1 0.743868 0.675836 0.018986 0.020422
1 0.602562 0.386015 0.026998 0.037655
1 0.304061 0.069591 0.020622 0.026681
1 0.407958 0.015688 0.022166 0.025127
1 0.326645 0.006122 0.028289 0.012244
1 0.104106 0.293818 0.023838 0.034511
1 0.346975 0.716461 0.018950 0.017297
1 0.543132 0.415702 0.026889 0.028280
1 0.609548 0.507113 0.028470 0.029852
1 0.682940 0.751617 0.019005 0.021984
1 0.514190 0.681305 0.019005 0.021984
1 0.898674 0.950073 0.025473 0.040770
1 0.410338 0.696943 0.023802 0.031386
1 0.374419 0.048515 0.026963 0.034530
1 0.637709 0.228997 0.031669 0.036119
1 0.562727 0.180559 0.031705 0.039244
1 0.629088 0.156337 0.030052 0.031423
1 0.048565 0.837563 0.022130 0.022002
1 0.132912 0.335202 0.015825 0.017278
1 0.552526 0.076630 0.023802 0.031386
1 0.658803 0.033698 0.036356 0.036147
1 0.721394 0.102457 0.039663 0.051789
1 0.658013 0.976645 0.028525 0.034539
1 0.424382 0.262568 0.023764 0.028261
1 0.668141 0.691493 0.030033 0.029861