1 0.595313 0.583030 0.025000 0.019186
1 0.489063 0.580605 0.015625 0.011211
1 0.487500 0.521257 0.018750 0.011264
1 0.071094 0.454111 0.023438 0.017597
1 0.038281 0.501713 0.017188 0.015925
1 0.138281 0.496216 0.014063 0.011183
1 0.114062 0.451945 0.043750 0.041389
1 0.129688 0.410402 0.028125 0.020803
1 0.197656 0.333880 0.032813 0.027136
1 0.116406 0.336869 0.017188 0.011238
1 0.105469 0.347779 0.014063 0.014308
1 0.214062 0.304043 0.015625 0.011211
1 0.052344 0.324478 0.029687 0.027081
1 0.181250 0.281523 0.031250 0.022420
1 0.280469 0.250150 0.017188 0.015925
1 0.328125 0.240034 0.021875 0.011319
1 0.465625 0.210293 0.015625 0.011211
1 0.581250 0.151672 0.012500 0.009594
1 0.747656 0.157935 0.014063 0.012745
1 0.826562 0.111882 0.018750 0.014389
1 0.860156 0.111896 0.020313 0.017542
1 0.748437 0.462691 0.021875 0.022256
1 0.732031 0.402548 0.023438 0.017597
1 0.763281 0.444763 0.026562 0.014527
1 0.557031 0.391556 0.017188 0.017487
1 0.382031 0.514240 0.020313 0.019105
1 0.602344 0.959552 0.020313 0.015980
1 0.923438 0.836937 0.025000 0.017623
1 0.633594 0.233771 0.020313 0.017542
1 0.682031 0.215021 0.020313 0.017542
1 0.407031 0.394063 0.035937 0.025627
1 0.125781 0.733045 0.026562 0.019214
1 0.060156 0.638486 0.023438 0.020722
1 0.050781 0.720545 0.026562 0.025464
1 0.375000 0.908112 0.034375 0.019350
1 0.768750 0.608730 0.015625 0.017461
1 0.446094 0.449451 0.026562 0.023902
1 0.527344 0.370545 0.026562 0.025464
1 0.765625 0.266597 0.021875 0.017569
1 0.714844 0.444709 0.020313 0.017542
1 0.939844 0.025341 0.039062 0.022556
1 0.742969 0.547916 0.029687 0.020831
1 0.094531 0.667474 0.032813 0.022448
1 0.246094 0.380755 0.032813 0.027136
1 0.205469 0.462032 0.035937 0.027189
1 0.172656 0.397916 0.029687 0.027081
1 0.927344 0.891584 0.020313 0.020667
1 0.411719 0.871244 0.017188 0.014363
1 0.103906 0.485416 0.029687 0.020831
1 0.039844 0.384798 0.048438 0.035220
1 0.108594 0.312923 0.048438 0.035220
1 0.988281 0.261923 0.023438 0.023847
1 0.305469 0.588513 0.026562 0.020777
1 0.708594 0.290076 0.026562 0.027027