1 0.221975 0.488372 0.015825 0.017369
1 0.185438 0.338491 0.036502 0.048856
1 0.673565 0.878234 0.019005 0.022094
1 0.030632 0.551699 0.023764 0.028398
1 0.190026 0.089217 0.026927 0.031559
1 0.468178 0.566616 0.036356 0.036356
1 0.468105 0.419649 0.020586 0.023673
1 0.597784 0.270413 0.017442 0.022075
1 0.140007 0.759493 0.020639 0.028361
1 0.490743 0.575891 0.018986 0.020531
1 0.025127 0.298565 0.022130 0.022130
1 0.019641 0.279805 0.020531 0.018986
1 0.079778 0.237573 0.012681 0.015770
1 0.239108 0.043041 0.012591 0.007958
1 0.211809 0.936020 0.014244 0.015789
1 0.196993 0.922747 0.015861 0.020494