1 0.643119 0.644736 0.023738 0.017597
1 0.500218 0.714335 0.031686 0.025545
1 0.747052 0.833812 0.025355 0.020748
1 0.618982 0.766706 0.034839 0.027162
1 0.658072 0.679206 0.034894 0.030288
1 0.911101 0.650191 0.022202 0.019131
1 0.890816 0.790870 0.028506 0.022366
1 0.784538 0.678316 0.022202 0.019131
1 0.619695 0.342392 0.023764 0.019159
1 0.615802 0.416597 0.022230 0.020694
1 0.468159 0.328384 0.030069 0.022394
1 0.273587 0.235347 0.022175 0.017569
1 0.141611 0.393228 0.030097 0.023956
1 0.575972 0.190830 0.023819 0.022284
1 0.492378 0.161155 0.025381 0.022311
1 0.531673 0.165171 0.038345 0.049092
1 0.622120 0.080015 0.037991 0.028780
1 0.640898 0.061292 0.041170 0.031959
1 0.521312 0.073724 0.033248 0.025573
1 0.465802 0.072874 0.025355 0.020748
1 0.166570 0.098642 0.023764 0.019159
1 0.054878 0.428370 0.028506 0.022366
1 0.150163 0.736101 0.019077 0.019077
1 0.001325 0.842337 0.002650 0.019050
1 0.479851 0.768941 0.022202 0.019131
1 0.787623 0.755632 0.018995 0.014389
1 0.263445 0.328302 0.020639 0.019105
1 0.187705 0.133784 0.022284 0.023819
1 0.290021 0.130701 0.026917 0.020777
1 0.283703 0.154810 0.014281 0.012745
1 0.243832 0.009538 0.018914 0.009702
1 0.293132 0.217392 0.023764 0.019159
1 0.732222 0.479947 0.030069 0.022394
1 0.736882 0.518927 0.020639 0.019105
1 0.786155 0.570558 0.028561 0.025491
1 0.955673 0.486923 0.023847 0.023847
1 0.957168 0.564240 0.020586 0.015980
1 0.843913 0.272066 0.022202 0.019131
1 0.801808 0.303425 0.034866 0.028725
1 0.897874 0.406509 0.030123 0.025519
1 0.379892 0.893241 0.031659 0.023983
1 0.376753 0.873683 0.028506 0.022366
1 0.522847 0.433045 0.026944 0.022339
1 0.694913 0.537732 0.027327 0.044214
1 0.956523 0.237800 0.034920 0.031850
1 0.692774 0.099491 0.032423 0.067733
1 0.616116 0.147148 0.032231 0.056795
1 0.125409 0.117460 0.032069 0.047420
1 0.122793 0.762677 0.020586 0.015980
1 0.003915 0.813459 0.007830 0.017542
1 0.405110 0.965198 0.041470 0.049147
1 0.900931 0.757481 0.051862 0.018087
1 0.833907 0.115103 0.030314 0.036456
1 0.514172 0.140816 0.022094 0.012881
1 0.179905 0.648737 0.034811 0.025600
1 0.525177 0.665062 0.025355 0.020748
1 0.515034 0.050232 0.026944 0.022339
1 0.696230 0.058017 0.023711 0.016034