1 0.334466 0.801672 0.037681 0.031469
1 0.357899 0.746203 0.037673 0.029906
1 0.604778 0.523565 0.043931 0.031505
1 0.672761 0.710279 0.042397 0.036183
1 0.673524 0.816506 0.034548 0.029888
1 0.457109 0.983716 0.042342 0.026808
1 0.629788 0.892315 0.043950 0.034630
1 0.773515 0.322756 0.034530 0.026763
1 0.825082 0.092287 0.034539 0.028325
1 0.922711 0.223505 0.023547 0.018886
1 0.904797 0.386055 0.040844 0.037736
1 0.793813 0.454770 0.028252 0.022039
1 0.771943 0.493059 0.031386 0.023619
1 0.765670 0.476635 0.025091 0.015770
1 0.846952 0.425872 0.031405 0.026744
1 0.876658 0.146212 0.040816 0.033048
1 0.644645 0.021234 0.048664 0.039344
1 0.253974 0.064939 0.032948 0.023628
1 0.476658 0.611873 0.053316 0.033122
1 0.706345 0.919649 0.040816 0.033048
1 0.826640 0.700881 0.034530 0.026763
1 0.767278 0.750109 0.037681 0.031469
1 0.713349 0.752430 0.029823 0.023611
1 0.181327 0.652434 0.031405 0.026744
1 0.882890 0.291516 0.037655 0.026781
1 0.782077 0.412568 0.023528 0.015761
1 0.719586 0.392247 0.020422 0.018869
1 0.954733 0.176580 0.006341 0.015661
1 0.785216 0.210243 0.029806 0.020486
1 0.756318 0.213345 0.022011 0.023564
1 0.871148 0.214122 0.020422 0.018869
1 0.699269 0.357081 0.017288 0.017288
1 0.714894 0.350822 0.014162 0.017269
1 0.594586 0.337559 0.020422 0.018869
1 0.672729 0.884452 0.026708 0.025155
1 0.600059 0.819613 0.028244 0.020477
1 0.597697 0.838331 0.017269 0.014162
1 0.817255 0.252453 0.037636 0.023656
1 0.808648 0.296952 0.026672 0.018905
1 0.944586 0.326640 0.026672 0.018905
1 0.488345 0.484452 0.026689 0.022030
1 0.889884 0.361769 0.017269 0.014162
1 0.946126 0.182063 0.011002 0.011002
1 0.718014 0.250059 0.020403 0.015744
1 0.723528 0.296993 0.040806 0.031486
1 0.807876 0.928198 0.025127 0.022020
1 0.433648 0.904755 0.023547 0.018886
1 0.522702 0.989158 0.032903 0.015816
1 0.145395 0.196966 0.031414 0.028306
1 0.803961 0.232890 0.026672 0.018905
1 0.770403 0.257930 0.040806 0.031486
1 0.889195 0.202407 0.022139 0.045439
1 0.766474 0.082127 0.032948 0.023628
1 0.529765 0.069622 0.031405 0.026744
1 0.100063 0.139135 0.025127 0.022020
1 0.143023 0.939122 0.020422 0.018869
1 0.482068 0.385988 0.017261 0.012600
1 0.961755 0.348488 0.017261 0.012600
1 0.809430 0.490680 0.018859 0.018859
1 0.869577 0.629747 0.020403 0.015744
1 0.931291 0.278961 0.018831 0.014172
1 0.427376 0.194581 0.017252 0.011038
1 0.321938 0.232885 0.025127 0.022020
1 0.221938 0.496948 0.025127 0.022020
1 0.380509 0.457091 0.020394 0.014181
1 0.721126 0.428947 0.014127 0.011019
1 0.477384 0.864894 0.017269 0.014162
1 0.502398 0.681309 0.020422 0.018869
1 0.726662 0.443877 0.043950 0.034630