1 0.531250 0.441797 0.021875 0.042969
1 0.541406 0.563672 0.023438 0.030469
1 0.857812 0.846094 0.018750 0.026562
1 0.929688 0.435547 0.021875 0.030469
1 0.855469 0.810156 0.026562 0.032813
1 0.930078 0.596094 0.010156 0.020313
1 0.732031 0.672656 0.014063 0.017188
1 0.987891 0.820312 0.016406 0.021875
1 0.633203 0.581250 0.013281 0.018750
1 0.622656 0.569141 0.014063 0.022656
1 0.437109 0.133203 0.030469 0.041406
1 0.470703 0.127734 0.025781 0.036719
1 0.803516 0.203516 0.028906 0.028906
1 0.795703 0.094531 0.025781 0.026562
1 0.508594 0.210938 0.014063 0.021875
1 0.376563 0.205469 0.034375 0.032813
1 0.189062 0.117578 0.012500 0.019531
1 0.148828 0.390625 0.016406 0.018750
1 0.445703 0.312109 0.013281 0.017969
1 0.308594 0.521875 0.014063 0.015625
1 0.315234 0.612109 0.014844 0.014844
1 0.162500 0.608984 0.025000 0.036719
1 0.075781 0.066797 0.020313 0.027344
1 0.172266 0.130859 0.013281 0.017969
1 0.249609 0.307422 0.027344 0.030469
1 0.322266 0.323047 0.019531 0.021094
1 0.461719 0.613281 0.026562 0.026562
1 0.196484 0.951172 0.027344 0.030469
1 0.420703 0.331250 0.019531 0.025000
1 0.414062 0.312109 0.012500 0.014844
1 0.057813 0.576172 0.015625 0.017969
1 0.171484 0.705078 0.011719 0.019531
1 0.205469 0.680469 0.017188 0.023438
1 0.081250 0.837109 0.012500 0.017969
1 0.167187 0.979297 0.018750 0.027344
1 0.315625 0.975781 0.015625 0.020313
1 0.518359 0.675781 0.024219 0.039062
1 0.715625 0.746484 0.015625 0.024219
1 0.596094 0.791797 0.017188 0.024219
1 0.814063 0.818750 0.018750 0.021875
1 0.880469 0.597656 0.017188 0.023438
1 0.928125 0.457813 0.018750 0.025000
1 0.941016 0.475391 0.038281 0.022656
1 0.908594 0.305078 0.020313 0.025781
1 0.954688 0.269922 0.009375 0.014844
1 0.942187 0.040234 0.018750 0.017969
1 0.715625 0.238281 0.012500 0.020313
1 0.861328 0.482812 0.022656 0.046875
1 0.330078 0.479687 0.019531 0.021875
1 0.375391 0.111719 0.013281 0.023438
1 0.489063 0.093359 0.018750 0.014844
1 0.360938 0.848047 0.012500 0.021094
1 0.928906 0.382812 0.017188 0.021875
1 0.316016 0.246094 0.025781 0.029687
1 0.171484 0.207813 0.021094 0.021875
1 0.603906 0.379297 0.010937 0.014844
1 0.756641 0.140234 0.013281 0.017969
1 0.235937 0.051172 0.025000 0.039844
1 0.465234 0.985938 0.021094 0.021875
1 0.624609 0.975781 0.011719 0.014063
1 0.910937 0.270313 0.018750 0.021875
1 0.389844 0.630859 0.014063 0.017969
1 0.159375 0.441016 0.018750 0.022656
1 0.419531 0.076172 0.017188 0.021094
1 0.518359 0.231250 0.014844 0.015625
1 0.529297 0.252344 0.024219 0.017188
1 0.803906 0.474609 0.035937 0.021094
1 0.449609 0.366797 0.011719 0.024219
1 0.551172 0.503125 0.014844 0.028125
1 0.535547 0.339453 0.030469 0.044531
1 0.566797 0.219922 0.021094 0.033594
1 0.530859 0.166406 0.011719 0.020313
1 0.644922 0.150391 0.017969 0.019531
1 0.839063 0.136719 0.015625 0.020313
1 0.892578 0.027734 0.010156 0.021094
1 0.797266 0.592187 0.013281 0.018750
1 0.801172 0.753125 0.039844 0.040625
1 0.493359 0.864453 0.014844 0.016406
1 0.503516 0.905469 0.013281 0.020313
1 0.669141 0.907031 0.016406 0.020313
1 0.715234 0.911328 0.011719 0.019531
1 0.728516 0.890234 0.016406 0.030469
1 0.868359 0.405859 0.014844 0.024219
1 0.928516 0.352344 0.013281 0.017188
1 0.769531 0.195703 0.017188 0.025781
1 0.827344 0.275000 0.014063 0.021875
1 0.671094 0.049219 0.014063 0.017188
1 0.370312 0.015625 0.037500 0.031250
1 0.179297 0.020313 0.021094 0.025000
1 0.125000 0.007031 0.028125 0.014063
1 0.098437 0.264062 0.021875 0.018750
1 0.216797 0.167969 0.017969 0.017188
1 0.223828 0.262500 0.016406 0.025000
1 0.284766 0.271484 0.013281 0.014844
1 0.076563 0.378516 0.018750 0.019531
1 0.056641 0.517969 0.013281 0.020313
1 0.169141 0.640234 0.013281 0.017969
1 0.278906 0.645703 0.014063 0.022656
1 0.278516 0.614453 0.016406 0.022656
1 0.426953 0.646484 0.010156 0.014844
1 0.248047 0.924609 0.017969 0.021094
1 0.165234 0.827344 0.024219 0.045312
1 0.117969 0.921875 0.014063 0.025000
1 0.125781 0.753516 0.026562 0.038281
1 0.455859 0.157812 0.011719 0.015625
1 0.548828 0.227734 0.019531 0.030469
1 0.261328 0.974219 0.013281 0.023438
1 0.075391 0.683984 0.028906 0.030469