1 0.339453 0.469531 0.025781 0.039062
1 0.430469 0.457813 0.014063 0.018750
1 0.444531 0.471875 0.017188 0.018750
1 0.531250 0.458984 0.025000 0.036719
1 0.525781 0.592578 0.020313 0.025781
1 0.586719 0.473828 0.023438 0.022656
1 0.302734 0.836719 0.017969 0.023438
1 0.230859 0.823828 0.017969 0.019531
1 0.210156 0.960547 0.010937 0.017969
1 0.151562 0.939844 0.015625 0.020313
1 0.191797 0.749219 0.021094 0.026562
1 0.208984 0.708203 0.011719 0.019531
1 0.253516 0.710938 0.019531 0.025000
1 0.328906 0.655859 0.014063 0.021094
1 0.330469 0.579688 0.014063 0.015625
1 0.345703 0.564844 0.016406 0.020313
1 0.527734 0.631641 0.011719 0.025781
1 0.394141 0.498047 0.035156 0.046094
1 0.286719 0.455078 0.026562 0.032031
1 0.844531 0.246875 0.032813 0.040625
1 0.947266 0.385156 0.016406 0.023438
1 0.963672 0.342578 0.017969 0.025781
1 0.990625 0.582031 0.015625 0.023438
1 0.867188 0.564453 0.028125 0.038281
1 0.801953 0.600000 0.019531 0.025000
1 0.867188 0.683984 0.018750 0.017969
1 0.978906 0.714844 0.014063 0.020313
1 0.923047 0.639062 0.014844 0.021875
1 0.954688 0.643359 0.021875 0.017969
1 0.690625 0.617969 0.012500 0.020313
1 0.722266 0.673438 0.013281 0.018750
1 0.705469 0.687500 0.010937 0.015625
1 0.709766 0.671484 0.010156 0.014844
1 0.719922 0.661328 0.008594 0.016406
1 0.730859 0.674219 0.011719 0.017188
1 0.706641 0.945703 0.016406 0.025781
1 0.694141 0.786719 0.028906 0.035937
1 0.615625 0.610156 0.012500 0.017188
1 0.608984 0.813672 0.014844 0.021094
1 0.496484 0.933594 0.017969 0.026562
1 0.570312 0.848828 0.012500 0.019531
1 0.417187 0.863672 0.015625 0.021094
1 0.437109 0.991797 0.011719 0.014844
1 0.380859 0.708984 0.017969 0.024219
1 0.349219 0.710938 0.014063 0.021875
1 0.294922 0.709766 0.011719 0.013281
1 0.236328 0.687500 0.010156 0.015625
1 0.197656 0.450781 0.017188 0.026562
1 0.061719 0.359766 0.020313 0.032031
1 0.041797 0.196484 0.011719 0.017969
1 0.103516 0.211719 0.022656 0.026562
1 0.206250 0.116406 0.012500 0.017188
1 0.140234 0.033594 0.021094 0.026562
1 0.076172 0.022656 0.011719 0.017188
1 0.101953 0.135156 0.013281 0.017188
1 0.337109 0.345703 0.011719 0.016406
1 0.375000 0.455469 0.012500 0.014063
1 0.362109 0.448047 0.011719 0.014844
1 0.527344 0.500781 0.010937 0.014063
1 0.943750 0.544531 0.015625 0.017188
1 0.825000 0.497266 0.015625 0.016406
1 0.775781 0.526172 0.010937 0.017969
1 0.741406 0.579688 0.017188 0.018750
1 0.694141 0.314063 0.016406 0.021875
1 0.930078 0.052734 0.022656 0.033594
1 0.096094 0.507812 0.020313 0.031250
1 0.097266 0.569141 0.038281 0.053906
1 0.094531 0.607422 0.026562 0.030469
1 0.023047 0.630859 0.014844 0.021094
1 0.483203 0.665234 0.016406 0.021094
1 0.441406 0.718750 0.017188 0.018750
1 0.373047 0.615625 0.014844 0.018750
1 0.737500 0.890234 0.018750 0.024219
1 0.403906 0.542578 0.026562 0.025781
1 0.117188 0.805078 0.012500 0.016406
1 0.053516 0.826562 0.016406 0.015625
1 0.331641 0.190625 0.013281 0.015625
1 0.756250 0.946484 0.012500 0.014844