1 0.439317 0.414190 0.022384 0.044005
1 0.428307 0.542333 0.025364 0.031541
1 0.100163 0.848547 0.019077 0.028344
1 0.000325 0.564880 0.000650 0.032886
1 0.007940 0.565698 0.012755 0.022020
1 0.072075 0.564226 0.028525 0.034702
1 0.028270 0.615716 0.015916 0.025181
1 0.049346 0.617251 0.011192 0.022002
1 0.172766 0.698520 0.014281 0.018914
1 0.333703 0.562582 0.014281 0.018914
1 0.343895 0.550091 0.015916 0.025181
1 0.534630 0.087682 0.031759 0.044114
1 0.501780 0.082976 0.028561 0.037827
1 0.321930 0.004450 0.025109 0.008900
1 0.239907 0.007204 0.029814 0.011283
1 0.245440 0.145403 0.015880 0.022056
1 0.462627 0.171966 0.015880 0.022056
1 0.599419 0.161147 0.036338 0.034794
1 0.834493 0.025854 0.012736 0.020458
1 0.827453 0.267288 0.017406 0.018950
1 0.808703 0.275063 0.011156 0.018877
1 0.527453 0.275082 0.014281 0.018914
1 0.673528 0.490716 0.015806 0.015806
1 0.651653 0.690716 0.015806 0.015806
1 0.826790 0.579052 0.025455 0.039353
1 0.914226 0.011152 0.022202 0.022303
1 0.807141 0.054770 0.014281 0.018914
1 0.729870 0.268913 0.028489 0.031577
1 0.657159 0.281368 0.020567 0.022111
1 0.512663 0.592351 0.028452 0.028452
1 0.792370 0.937663 0.028489 0.031577
1 0.554833 0.295440 0.022166 0.025255
1 0.561028 0.275073 0.012681 0.015770
1 0.936047 0.540716 0.015844 0.018931
1 0.817305 0.678979 0.012736 0.020458
1 0.781395 0.654797 0.019041 0.025219
1 0.914172 0.823510 0.012719 0.018895
1 0.822038 0.968859 0.019077 0.028344
1 0.668877 0.967278 0.015880 0.022056
1 0.453362 0.657958 0.025473 0.040916
1 0.247020 0.739153 0.015916 0.025181
1 0.293895 0.700109 0.019041 0.025219
1 0.145440 0.817297 0.019005 0.022094
1 0.031395 0.779797 0.019041 0.025219
1 0.023592 0.443078 0.019059 0.026781
1 0.014570 0.465044 0.029139 0.030087
1 0.042351 0.281377 0.022202 0.028380
1 0.006986 0.011020 0.013972 0.006414
1 0.259502 0.196948 0.012755 0.022020
1 0.095603 0.465770 0.025581 0.050291
1 0.650137 0.447784 0.022148 0.023692
1 0.599364 0.062582 0.014353 0.025164
1 0.512591 0.054797 0.018931 0.015844
1 0.622002 0.834448 0.012755 0.022020
1 0.013811 0.527534 0.027622 0.030069
1 0.022002 0.364172 0.019005 0.022094
1 0.664245 0.201726 0.028489 0.031577
1 0.818877 0.165752 0.022130 0.022130
1 0.362591 0.351635 0.012681 0.015770
1 0.112645 0.317405 0.037791 0.025436
1 0.040762 0.318278 0.053398 0.024056
1 0.201672 0.106323 0.012719 0.018895
1 0.760402 0.111873 0.027053 0.042497
1 0.511065 0.982940 0.022130 0.022130
1 0.345395 0.977416 0.012664 0.014208
1 0.040762 0.246203 0.019023 0.023656
1 0.589172 0.607903 0.015844 0.018931
1 0.829824 0.402453 0.019023 0.023656
1 0.554815 0.028234 0.019005 0.022094
1 0.450091 0.193841 0.015806 0.015806
1 0.439172 0.215770 0.025219 0.019041
1 0.145512 0.678270 0.025400 0.034666
1 0.157940 0.453343 0.037755 0.022311
1 0.386846 0.018995 0.042442 0.022366
1 0.314163 0.018296 0.056450 0.017842
1 0.529788 0.183684 0.015825 0.017369
1 0.500073 0.206305 0.009520 0.012609
1 0.489962 0.168051 0.014298 0.020477
1 0.156377 0.353198 0.012755 0.022020
1 0.879924 0.795495 0.031723 0.040989
1 0.193105 0.241524 0.020586 0.023673