1 0.311819 0.411719 0.023637 0.017188
1 0.431387 0.300781 0.031523 0.023438
1 0.153243 0.263281 0.025236 0.020313
1 0.298601 0.285938 0.034702 0.028125
1 0.288454 0.385156 0.036283 0.029687
1 0.051672 0.493750 0.022094 0.018750
1 0.028252 0.350000 0.028380 0.021875
1 0.164953 0.425000 0.023656 0.018750
1 0.426672 0.696875 0.025219 0.018750
1 0.408712 0.624219 0.020548 0.020313
1 0.577462 0.664844 0.029923 0.020313
1 0.793859 0.692187 0.022094 0.018750
1 0.874346 0.498437 0.029942 0.021875
1 0.514190 0.829688 0.025255 0.021875
1 0.604815 0.834375 0.025255 0.021875
1 0.565907 0.841406 0.038064 0.048438
1 0.503288 0.951562 0.037827 0.028125
1 0.492360 0.974219 0.040970 0.029687
1 0.603270 0.926562 0.034666 0.025000
1 0.657149 0.910156 0.023673 0.020313
1 0.939953 0.792188 0.023656 0.018750
1 0.947002 0.437500 0.028380 0.021875
1 0.763391 0.170313 0.017406 0.018750
1 0.885274 0.016406 0.026798 0.020313
1 0.432141 0.242188 0.023656 0.018750
1 0.139135 0.351562 0.018895 0.012500
1 0.775899 0.600781 0.020548 0.020313
1 0.907949 0.764844 0.022148 0.023438
1 0.809493 0.800781 0.025236 0.020313
1 0.809448 0.773438 0.015770 0.012500
1 0.893078 0.904687 0.017406 0.018750
1 0.780578 0.715625 0.023656 0.018750
1 0.276680 0.600781 0.028361 0.020313
1 0.258712 0.563281 0.020548 0.020313
1 0.195458 0.529687 0.028416 0.025000
1 0.057949 0.663281 0.025273 0.023438
1 0.033684 0.589063 0.020494 0.015625
1 0.232141 0.835938 0.023656 0.018750
1 0.261110 0.791406 0.034720 0.029687
1 0.137645 0.721875 0.031541 0.025000
1 0.493096 0.090625 0.029942 0.021875
1 0.501690 0.107813 0.028380 0.021875
1 0.493096 0.581250 0.026817 0.021875
1 0.293232 0.533594 0.027089 0.045312
1 0.131441 0.903906 0.034756 0.032813
1 0.430087 0.954688 0.032050 0.068750
1 0.489390 0.885938 0.031905 0.056250
1 0.973710 0.760938 0.031795 0.046875
1 0.778997 0.134375 0.020494 0.015625
1 0.888381 0.047656 0.020512 0.017188
1 0.446384 0.028125 0.042769 0.050000
1 0.029006 0.385156 0.051763 0.017188
1 0.287700 0.982812 0.031650 0.034375
1 0.589135 0.859375 0.022020 0.012500
1 0.760302 0.264062 0.036228 0.025000
1 0.421212 0.357031 0.023673 0.020313
1 0.615752 0.946875 0.028380 0.021875
1 0.438345 0.994531 0.023564 0.010937