1 0.336901 0.446875 0.023802 0.031250
1 0.487737 0.392188 0.031723 0.040625
1 0.562137 0.432812 0.049273 0.071875
1 0.604824 0.464844 0.025273 0.023438
1 0.708821 0.517969 0.036392 0.039062
1 0.683030 0.354687 0.028561 0.037500
1 0.747802 0.526563 0.020603 0.025000
1 0.765743 0.486719 0.015861 0.020313
1 0.820458 0.579688 0.022166 0.025000
1 0.848555 0.630469 0.015861 0.020313
1 0.911055 0.769531 0.015861 0.020313
1 0.519695 0.451562 0.026889 0.028125
1 0.515743 0.497656 0.015861 0.020313
1 0.561083 0.548438 0.019041 0.025000
1 0.579797 0.557813 0.018969 0.018750
1 0.564962 0.572656 0.014298 0.020313
1 0.628243 0.571094 0.015861 0.020313
1 0.634612 0.506250 0.031723 0.040625
1 0.247802 0.545312 0.020603 0.025000
1 0.225981 0.428125 0.030087 0.034375
1 0.297093 0.417187 0.062936 0.037500
1 0.152471 0.410938 0.026817 0.021875
1 0.114208 0.862500 0.019041 0.025000
1 0.050145 0.128125 0.019041 0.025000
1 0.562627 0.765625 0.022130 0.021875
1 0.636973 0.771875 0.039572 0.043750
1 0.648601 0.820312 0.022202 0.028125
1 0.533612 0.998437 0.017223 0.003125
1 0.739190 0.918750 0.015880 0.021875
1 0.995809 0.870313 0.007242 0.031250
1 0.575909 0.887500 0.020567 0.021875
1 0.455669 0.706250 0.030087 0.034375
1 0.240053 0.460156 0.023856 0.035937
1 0.113491 0.530469 0.030106 0.035937
1 0.198565 0.200000 0.015880 0.021875
1 0.449373 0.053906 0.017497 0.026562
1 0.615044 0.360938 0.030087 0.034375
1 0.678388 0.422656 0.034902 0.045312
1 0.634530 0.403906 0.022184 0.026562
1 0.711165 0.411719 0.037955 0.039062
1 0.557204 0.782031 0.051908 0.029687
1 0.791588 0.935937 0.026927 0.031250
1 0.310329 0.496094 0.030033 0.029687
1 0.327507 0.529687 0.026889 0.028125
1 0.513418 0.902344 0.014336 0.023438
1 0.161855 0.442969 0.017461 0.023438
1 0.480587 0.422656 0.017423 0.020313
1 0.496303 0.522656 0.023856 0.035937
1 0.570403 0.820312 0.009556 0.015625
1 0.854870 0.659375 0.044114 0.031250