1 0.610156 0.326562 0.014063 0.021875
1 0.700781 0.454297 0.020313 0.027344
1 0.775781 0.191016 0.017188 0.022656
1 0.733203 0.329297 0.022656 0.030469
1 0.640625 0.306641 0.025000 0.032031
1 0.567187 0.063281 0.015625 0.020313
1 0.709375 0.058984 0.018750 0.024219
1 0.617188 0.182031 0.015625 0.020313
1 0.317188 0.401953 0.015625 0.022656
1 0.389844 0.393750 0.017188 0.018750
1 0.328906 0.553125 0.017188 0.028125
1 0.272656 0.758594 0.014063 0.020313
1 0.448828 0.861328 0.019531 0.025781
1 0.176563 0.471094 0.018750 0.020313
1 0.160938 0.557813 0.018750 0.021875
1 0.158594 0.518359 0.042188 0.030469
1 0.060156 0.445312 0.023438 0.034375
1 0.039062 0.429688 0.025000 0.037500
1 0.071094 0.544531 0.020313 0.029687
1 0.078516 0.600000 0.016406 0.021875
1 0.155859 0.887109 0.014844 0.021094
1 0.498437 0.940234 0.018750 0.024219
1 0.783203 0.792578 0.016406 0.016406
1 0.916016 0.930859 0.016406 0.024219
1 0.759375 0.464844 0.015625 0.020313
1 0.692969 0.166406 0.010937 0.017188
1 0.364453 0.754297 0.016406 0.017969
1 0.186719 0.859766 0.020313 0.019531
1 0.164453 0.761719 0.016406 0.023438
1 0.191406 0.762891 0.010937 0.013281
1 0.050781 0.828125 0.017188 0.015625
1 0.251563 0.742578 0.015625 0.022656
1 0.432031 0.267578 0.017188 0.025781
1 0.469141 0.255859 0.016406 0.017969
1 0.512109 0.198047 0.021094 0.024219
1 0.399219 0.049219 0.020313 0.020313
1 0.475000 0.033203 0.012500 0.019531
1 0.209766 0.194531 0.016406 0.020313
1 0.247656 0.230078 0.023438 0.032031
1 0.332422 0.117969 0.021094 0.026562
1 0.898438 0.541797 0.018750 0.027344
1 0.879687 0.548047 0.018750 0.024219
1 0.421875 0.482031 0.018750 0.023438
1 0.494141 0.294531 0.041406 0.020313
1 0.157031 0.090625 0.026562 0.031250
1 0.066016 0.373437 0.063281 0.021875
1 0.126172 0.439844 0.052344 0.023438
1 0.181250 0.924609 0.043750 0.024219
1 0.814453 0.815625 0.013281 0.018750
1 0.886328 0.929688 0.013281 0.018750
1 0.964453 0.503516 0.044531 0.035156
1 0.675391 0.054688 0.010156 0.050000
1 0.057031 0.230078 0.032813 0.025781
1 0.137500 0.539453 0.009375 0.019531
1 0.692969 0.780078 0.020313 0.032031
1 0.648828 0.438672 0.016406 0.021094
1 0.048438 0.555469 0.018750 0.023438
1 0.025000 0.375781 0.012500 0.020313