1 0.601562 0.804833 0.050000 0.044041
1 0.598437 0.711809 0.031250 0.036119
1 0.543750 0.760238 0.028125 0.032977
1 0.296875 0.657940 0.043750 0.050255
1 0.310937 0.570385 0.025000 0.034520
1 0.284375 0.365716 0.031250 0.037681
1 0.427344 0.458671 0.026562 0.029842
1 0.442969 0.385997 0.020313 0.025119
1 0.637500 0.376617 0.018750 0.025109
1 0.837500 0.718841 0.031250 0.034556
1 0.809375 0.770440 0.043750 0.040880
1 0.660156 0.774287 0.023438 0.026698
1 0.953906 0.533671 0.026562 0.029842
1 0.775000 0.370395 0.028125 0.037664
1 0.653125 0.182885 0.025000 0.031395
1 0.679688 0.191461 0.018750 0.023547
1 0.900781 0.789212 0.051562 0.040925
1 0.527344 0.934443 0.023438 0.031386
1 0.471875 0.192251 0.021875 0.025127
1 0.288281 0.043800 0.017188 0.021975
1 0.242969 0.044591 0.020313 0.029806
1 0.050781 0.787559 0.020313 0.028244
1 0.170313 0.858694 0.034375 0.039262
1 0.171094 0.777430 0.029687 0.029861
1 0.244531 0.730546 0.026562 0.032967
1 0.300781 0.926603 0.014063 0.018831
1 0.279687 0.890680 0.018750 0.021984
1 0.523438 0.984430 0.018750 0.028234
1 0.787500 0.818051 0.028125 0.032977
1 0.796094 0.712559 0.020313 0.028244
1 0.733594 0.470372 0.020313 0.028244
1 0.815625 0.225073 0.025000 0.031395
1 0.586719 0.144627 0.032813 0.039253
1 0.388281 0.257962 0.051562 0.034675
1 0.479687 0.441516 0.037500 0.033031
1 0.473438 0.652426 0.028125 0.032977
1 0.517188 0.656323 0.025000 0.028270
1 0.578906 0.567237 0.017188 0.021975
1 0.565625 0.418051 0.028125 0.029852
1 0.517188 0.370440 0.043750 0.028380
1 0.464844 0.700105 0.035937 0.043959
1 0.371094 0.707109 0.026562 0.032967
1 0.496094 0.740693 0.023438 0.025136
1 0.438281 0.732872 0.020313 0.025119
1 0.701562 0.876626 0.021875 0.022002
1 0.873437 0.968832 0.028125 0.034539
1 0.921094 0.582872 0.020313 0.025119
1 0.931250 0.347747 0.031250 0.039244
1 0.977344 0.382899 0.029687 0.034548
1 0.634375 0.057068 0.012500 0.014136
1 0.170313 0.430541 0.025000 0.023583
1 0.275000 0.837645 0.050000 0.031541
1 0.516406 0.868800 0.017188 0.021975
1 0.599219 0.915775 0.051562 0.034675
1 0.784375 0.577426 0.028125 0.032977
1 0.409375 0.036764 0.015625 0.020403
1 0.389844 0.134434 0.020313 0.028244
1 0.193750 0.596139 0.015625 0.020403
1 0.314844 0.493009 0.014063 0.020394
1 0.294531 0.460997 0.020313 0.021994
1 0.712500 0.751717 0.053125 0.034684
1 0.789844 0.675949 0.057813 0.039398
1 0.950000 0.222048 0.059375 0.031595
1 0.331250 0.211782 0.021875 0.020439
1 0.359375 0.309430 0.018750 0.018859
1 0.460156 0.228212 0.029687 0.034548
1 0.551562 0.452480 0.046875 0.036211
1 0.668750 0.561882 0.056250 0.036264
1 0.467187 0.561010 0.025000 0.025145
1 0.896875 0.525891 0.037500 0.042406
1 0.933594 0.261005 0.023438 0.022011
1 0.321875 0.121930 0.018750 0.021984
1 0.533594 0.729747 0.020313 0.025119