0 0.554688 0.888281 0.028125 0.060937
0 0.794531 0.900000 0.204687 0.103125
0 0.685156 0.796094 0.098437 0.076563
0 0.834375 0.816406 0.125000 0.029687
0 0.821875 0.747656 0.156250 0.073438
0 0.682031 0.715625 0.095312 0.056250
0 0.847656 0.643750 0.095312 0.053125
0 0.845313 0.538281 0.093750 0.054688
0 0.860938 0.594531 0.068750 0.026562
0 0.778125 0.569531 0.065625 0.029687
0 0.695312 0.546875 0.068750 0.031250
0 0.474219 0.811719 0.029687 0.060937
0 0.409375 0.790625 0.065625 0.106250
0 0.559375 0.600781 0.125000 0.054688
0 0.696094 0.460156 0.067187 0.029687
0 0.778125 0.398438 0.065625 0.028125
0 0.857812 0.418750 0.062500 0.028125
0 0.197656 0.613281 0.114062 0.029687
0 0.153906 0.439063 0.117188 0.028125
0 0.199219 0.385937 0.092188 0.050000
0 0.053906 0.191406 0.095312 0.067187
0 0.403906 0.292969 0.117188 0.026562
0 0.347656 0.419531 0.120313 0.023438
0 0.453125 0.472656 0.237500 0.095312
0 0.710156 0.327344 0.148438 0.054688
0 0.658594 0.210938 0.142187 0.071875
0 0.363281 0.343750 0.095312 0.050000
0 0.506250 0.396875 0.065625 0.028125
0 0.508594 0.355469 0.067187 0.026562
0 0.182031 0.982031 0.032813 0.035937
0 0.060156 0.252344 0.057813 0.026562
0 0.226562 0.133594 0.062500 0.026562
0 0.379688 0.211719 0.065625 0.026562
0 0.826562 0.035156 0.065625 0.026562
0 0.899219 0.201563 0.201563 0.050000
0 0.951562 0.094531 0.096875 0.064062
0 0.700781 0.015625 0.067187 0.025000
0 0.387500 0.053906 0.062500 0.026562
0 0.514062 0.111719 0.062500 0.026562
0 0.698438 0.053125 0.062500 0.028125