0 0.053906 0.978906 0.095312 0.042188
0 0.658594 0.987500 0.142187 0.025000
0 0.226562 0.933594 0.062500 0.026562
0 0.379688 0.998437 0.065625 0.003125
0 0.532813 0.747656 0.090625 0.045312
0 0.536719 0.523438 0.089063 0.043750
0 0.518750 0.435156 0.137500 0.110937
0 0.688281 0.491406 0.089063 0.076563
0 0.838281 0.525781 0.085938 0.042188
0 0.846875 0.459375 0.109375 0.025000
0 0.971094 0.496094 0.057813 0.026562
0 0.982812 0.408594 0.034375 0.023438
0 0.244531 0.661719 0.060937 0.026562
0 0.825781 0.682031 0.060937 0.026562
0 0.848437 0.589844 0.059375 0.026562
0 0.957031 0.775781 0.060937 0.026562
0 0.828125 0.795312 0.065625 0.025000
0 0.826562 0.835156 0.065625 0.026562
0 0.915625 0.106250 0.018750 0.025000
0 0.532031 0.187500 0.017188 0.040625
0 0.418750 0.196875 0.015625 0.028125
0 0.353125 0.126562 0.015625 0.028125
0 0.396875 0.045312 0.015625 0.025000
0 0.367188 0.025781 0.015625 0.020313
0 0.359375 0.067187 0.037500 0.043750
0 0.509375 0.090625 0.043750 0.062500
0 0.575781 0.110937 0.045312 0.043750
0 0.543750 0.044531 0.081250 0.070312
0 0.557031 0.014063 0.076563 0.028125
0 0.616406 0.079687 0.017188 0.028125
0 0.573438 0.172656 0.015625 0.026562
0 0.532031 0.142969 0.017188 0.029687
0 0.115625 0.681250 0.115625 0.065625
0 0.100781 0.544531 0.101562 0.042188
0 0.239844 0.541406 0.082812 0.045312
0 0.094531 0.472656 0.085938 0.045312
0 0.391406 0.468750 0.089063 0.043750
0 0.381250 0.409375 0.109375 0.056250
0 0.951562 0.894531 0.096875 0.064062
0 0.688281 0.784375 0.092188 0.087500
0 0.387500 0.853906 0.062500 0.026562
0 0.514062 0.911719 0.062500 0.026562
0 0.521875 0.682031 0.062500 0.026562
0 0.518750 0.796094 0.062500 0.026562
0 0.521875 0.644531 0.062500 0.026562
0 0.675000 0.644531 0.062500 0.026562
0 0.698438 0.853125 0.062500 0.028125
0 0.086719 0.392969 0.060937 0.026562
0 0.085156 0.425781 0.060937 0.026562
0 0.232031 0.428906 0.060937 0.026562
0 0.883594 0.988281 0.167187 0.023438