0 0.038281 0.644531 0.064062 0.026562
0 0.140625 0.446875 0.056250 0.028125
0 0.657031 0.856250 0.064062 0.031250
0 0.791406 0.744531 0.064062 0.026562
0 0.831250 0.703906 0.065625 0.026562
0 0.525000 0.999219 0.065625 0.001563
0 0.818750 0.896875 0.062500 0.028125
0 0.957812 0.999219 0.084375 0.001563
0 0.889844 0.828125 0.220312 0.084375
0 0.956250 0.750781 0.087500 0.045312
0 0.978906 0.611719 0.042188 0.026562
0 0.718750 0.957031 0.284375 0.085938
0 0.484375 0.823438 0.087500 0.050000
0 0.472656 0.718750 0.098437 0.065625
0 0.294531 0.681250 0.110937 0.065625
0 0.621875 0.722656 0.100000 0.064062
0 0.753906 0.628125 0.385937 0.096875
0 0.865625 0.503906 0.059375 0.026562
0 0.582031 0.473438 0.139063 0.112500
0 0.465625 0.403125 0.128125 0.040625
0 0.031250 0.814844 0.062500 0.029687
0 0.006250 0.390625 0.012500 0.062500
0 0.753906 0.472656 0.217188 0.214062
0 0.150000 0.635156 0.087500 0.045312
0 0.294531 0.581250 0.092188 0.040625
0 0.282031 0.478125 0.079687 0.056250
0 0.381250 0.739844 0.065625 0.029687
0 0.314063 0.838281 0.065625 0.029687
0 0.475000 0.661719 0.065625 0.029687
0 0.457813 0.588281 0.065625 0.029687
0 0.425000 0.535156 0.065625 0.029687
0 0.440625 0.482031 0.065625 0.029687
0 0.310937 0.425781 0.065625 0.029687