0 0.853906 0.978906 0.095312 0.042188
0 0.997656 0.933594 0.004687 0.026562
0 0.100781 0.918750 0.139063 0.050000
0 0.130469 0.812500 0.114062 0.028125
0 0.231250 0.893750 0.093750 0.062500
0 0.107031 0.707031 0.092188 0.045312
0 0.283594 0.578906 0.085938 0.045312
0 0.428125 0.728125 0.112500 0.040625
0 0.192188 0.970313 0.146875 0.021875
0 0.006250 0.621094 0.012500 0.023438
0 0.108594 0.640625 0.067187 0.025000
0 0.150781 0.550000 0.064062 0.025000
0 0.151562 0.388281 0.065625 0.026562
0 0.307812 0.481250 0.062500 0.025000
0 0.253906 0.678125 0.064062 0.025000
0 0.241406 0.753906 0.064062 0.026562
0 0.343750 0.754687 0.062500 0.025000
0 0.282031 0.833594 0.064062 0.023438
0 0.380469 0.872656 0.060937 0.020313
0 0.412500 0.814844 0.065625 0.023438
0 0.394531 0.971875 0.064062 0.028125
0 0.694531 0.872656 0.067187 0.026562
0 0.562500 0.642969 0.065625 0.026562
0 0.715625 0.644531 0.062500 0.026562
0 0.572656 0.568750 0.064062 0.025000
0 0.420312 0.569531 0.065625 0.026562
0 0.575000 0.533594 0.065625 0.026562
0 0.556250 0.478906 0.062500 0.023438
0 0.733594 0.463281 0.057813 0.023438
0 0.742969 0.100000 0.035937 0.043750
0 0.654687 0.116406 0.071875 0.060937
0 0.609375 0.165625 0.053125 0.046875
0 0.511719 0.193750 0.095312 0.115625
0 0.590625 0.025000 0.084375 0.050000
0 0.540625 0.057031 0.025000 0.026562
0 0.679688 0.060937 0.021875 0.025000
0 0.427344 0.053125 0.020313 0.025000
0 0.709375 0.823438 0.093750 0.043750
0 0.915625 0.681250 0.115625 0.065625
0 0.900781 0.544531 0.101562 0.042188
0 0.999219 0.539844 0.001563 0.045312
0 0.894531 0.470313 0.082812 0.040625
0 0.886719 0.392969 0.060937 0.026562
0 0.886719 0.426563 0.057813 0.021875