0 0.393750 0.551562 0.071875 0.028125
0 0.327344 0.216406 0.067187 0.029687
0 0.309375 0.096875 0.050000 0.028125
0 0.639062 0.687500 0.062500 0.062500
0 0.628125 0.939063 0.065625 0.068750
0 0.509375 0.982812 0.081250 0.034375
0 0.360938 0.639844 0.153125 0.032813
0 0.564063 0.405469 0.303125 0.070312
0 0.342187 0.434375 0.115625 0.056250
0 0.628906 0.307031 0.173437 0.089063
0 0.606250 0.175781 0.121875 0.067187
0 0.675000 0.234375 0.071875 0.028125
0 0.460156 0.225000 0.120313 0.053125
0 0.481250 0.034375 0.393750 0.068750
0 0.316406 0.170313 0.060937 0.112500