0 0.970313 0.613281 0.059375 0.029687
0 0.946875 0.439063 0.106250 0.028125
0 0.975781 0.385937 0.048438 0.050000
0 0.853906 0.191406 0.095312 0.067187
0 0.982031 0.982031 0.032813 0.035937
0 0.635938 0.909375 0.068750 0.028125
0 0.682031 0.459375 0.070312 0.028125
0 0.675000 0.503906 0.068750 0.029687
0 0.860156 0.252344 0.057813 0.026562
0 0.997656 0.133594 0.004687 0.026562
0 0.050000 0.839844 0.050000 0.067187
0 0.228125 0.559375 0.046875 0.059375
0 0.012500 0.647656 0.025000 0.095312
0 0.176563 0.709375 0.093750 0.093750
0 0.029687 0.507031 0.059375 0.076563
0 0.100781 0.118750 0.139063 0.050000
0 0.128906 0.012500 0.114062 0.025000
0 0.231250 0.093750 0.093750 0.062500
0 0.119531 0.293750 0.042188 0.053125
0 0.115625 0.363281 0.043750 0.051562
0 0.118750 0.847656 0.078125 0.082812
0 0.234375 0.259375 0.093750 0.050000
0 0.357031 0.407813 0.110937 0.134375
0 0.193750 0.181250 0.150000 0.046875
0 0.282031 0.033594 0.064062 0.023438
0 0.379688 0.071875 0.062500 0.021875
0 0.412500 0.014844 0.065625 0.023438
0 0.394531 0.171875 0.064062 0.028125
0 0.590625 0.292187 0.068750 0.028125
0 0.694531 0.072656 0.067187 0.026562
0 0.709375 0.023438 0.093750 0.043750
0 0.528906 0.224219 0.092188 0.048438