0 0.900781 0.918750 0.139063 0.050000
0 0.737500 0.801562 0.100000 0.084375
0 0.930469 0.812500 0.114062 0.028125
0 0.992969 0.893750 0.014063 0.062500
0 0.907031 0.707031 0.092188 0.045312
0 0.531250 0.987500 0.065625 0.025000
0 0.764062 0.997656 0.062500 0.004687
0 0.718750 0.971094 0.065625 0.026562
0 0.394531 0.910156 0.064062 0.026562
0 0.368750 0.790625 0.062500 0.025000
0 0.014063 0.928906 0.028125 0.020313
0 0.712500 0.868750 0.062500 0.028125
0 0.150000 0.640625 0.062500 0.025000
0 0.518750 0.567969 0.059375 0.026562
0 0.959375 0.978125 0.081250 0.043750
0 0.153125 0.978125 0.250000 0.043750
0 0.100000 0.837500 0.162500 0.043750
0 0.076563 0.752344 0.153125 0.023438
0 0.317969 0.631250 0.095312 0.043750
0 0.271094 0.821094 0.089063 0.045312
0 0.040625 0.464844 0.081250 0.039062
0 0.060937 0.510156 0.065625 0.023438
0 0.235937 0.403125 0.059375 0.025000
0 0.271094 0.365625 0.160938 0.031250
0 0.363281 0.441406 0.189062 0.060937
0 0.466406 0.134375 0.029687 0.028125
0 0.522656 0.147656 0.032813 0.026562
0 0.535156 0.085938 0.042188 0.046875
0 0.678125 0.406250 0.059375 0.025000
0 0.664062 0.475781 0.059375 0.023438
0 0.656250 0.513281 0.062500 0.023438
0 0.632812 0.621875 0.062500 0.025000
0 0.619531 0.696875 0.060937 0.025000
0 0.714063 0.603906 0.062500 0.023438
0 0.784375 0.622656 0.059375 0.023438
0 0.778125 0.660156 0.062500 0.026562
0 0.908594 0.640625 0.067187 0.025000
0 0.950781 0.550000 0.064062 0.025000
0 0.951562 0.388281 0.065625 0.026562