0 0.457031 0.807813 0.032813 0.078125
0 0.371094 0.771094 0.107813 0.129688
0 0.235156 0.750781 0.032813 0.079687
0 0.667188 0.481250 0.053125 0.093750
0 0.541406 0.604688 0.032813 0.075000
0 0.382031 0.578125 0.060937 0.103125
0 0.466406 0.420312 0.057813 0.100000
0 0.382031 0.413281 0.032813 0.070312
0 0.573438 0.306250 0.028125 0.065625
0 0.554688 0.175781 0.028125 0.060937
0 0.794531 0.187500 0.204687 0.103125
0 0.685156 0.103906 0.098437 0.032813
0 0.834375 0.103906 0.125000 0.029687
0 0.474219 0.110156 0.029687 0.042188
0 0.409375 0.109375 0.065625 0.043750
0 0.076563 0.639062 0.075000 0.134375
0 0.167187 0.415625 0.037500 0.118750
0 0.267188 0.557031 0.056250 0.135937
0 0.078125 0.468750 0.034375 0.068750
0 0.182031 0.284375 0.032813 0.065625
0 0.107031 0.309375 0.032813 0.065625
0 0.064062 0.322656 0.031250 0.067187
0 0.259375 0.309375 0.031250 0.065625
0 0.247656 0.419531 0.032813 0.070312