0 0.850000 0.839844 0.050000 0.067187
0 0.741406 0.810156 0.054688 0.064062
0 0.690625 0.796875 0.043750 0.065625
0 0.703125 0.531250 0.040625 0.056250
0 0.376563 0.893750 0.046875 0.081250
0 0.775000 0.649219 0.100000 0.095312
0 0.964844 0.709375 0.070312 0.093750
0 0.822656 0.507031 0.076563 0.076563
0 0.588281 0.578906 0.067187 0.089063
0 0.296875 0.591406 0.100000 0.070312
0 0.900781 0.118750 0.139063 0.050000
0 0.737500 0.021875 0.100000 0.043750
0 0.928906 0.012500 0.114062 0.025000
0 0.318750 0.438281 0.062500 0.026562
0 0.371875 0.335156 0.065625 0.026562
0 0.534375 0.439063 0.065625 0.028125
0 0.211719 0.332031 0.064062 0.026562
0 0.531250 0.189062 0.065625 0.028125
0 0.698438 0.291406 0.065625 0.026562
0 0.764062 0.209375 0.062500 0.028125
0 0.718750 0.171094 0.065625 0.026562
0 0.919531 0.293750 0.042188 0.053125
0 0.915625 0.363281 0.043750 0.051562
0 0.394531 0.110156 0.064062 0.026562
0 0.012500 0.544531 0.025000 0.023438
0 0.032031 0.416406 0.060937 0.026562
0 0.014063 0.128906 0.028125 0.020313
0 0.712500 0.068750 0.062500 0.028125
0 0.918750 0.847656 0.078125 0.082812
0 0.959375 0.181250 0.081250 0.046875
0 0.052344 0.250781 0.101562 0.064062
0 0.153125 0.188281 0.250000 0.064062
0 0.100000 0.037500 0.162500 0.043750
0 0.271094 0.022656 0.089063 0.042188