0 0.058594 0.986719 0.117188 0.026562
0 0.146875 0.482031 0.093750 0.051562
0 0.057813 0.546875 0.115625 0.071875
0 0.014063 0.267188 0.028125 0.034375
0 0.296875 0.468750 0.150000 0.075000
0 0.506250 0.389844 0.093750 0.082812
0 0.461719 0.224219 0.242188 0.089063
0 0.553906 0.128906 0.279687 0.110937
0 0.289062 0.020313 0.196875 0.040625
0 0.209375 0.118750 0.078125 0.046875
0 0.314063 0.117188 0.081250 0.043750
0 0.289844 0.193750 0.085938 0.046875
0 0.712500 0.365625 0.081250 0.053125
0 0.778125 0.240625 0.078125 0.046875
0 0.673438 0.020313 0.071875 0.037500
0 0.884375 0.043750 0.068750 0.040625
0 0.913281 0.200781 0.064062 0.045312
0 0.982031 0.298438 0.035937 0.043750
0 0.850000 0.503125 0.078125 0.078125
0 0.762500 0.632031 0.134375 0.067187
0 0.844531 0.683594 0.089063 0.054688