0 0.040625 0.525781 0.081250 0.042188
0 0.051562 0.459375 0.103125 0.025000
0 0.173437 0.497656 0.062500 0.026562
0 0.197656 0.408594 0.060937 0.023438
0 0.335156 0.453125 0.095312 0.081250
0 0.275000 0.569531 0.059375 0.023438
0 0.303125 0.625781 0.062500 0.023438
0 0.453125 0.588281 0.059375 0.023438
0 0.508594 0.622656 0.064062 0.026562
0 0.471094 0.470313 0.110937 0.043750
0 0.456250 0.400781 0.090625 0.039062
0 0.618750 0.375000 0.046875 0.031250
0 0.571094 0.459375 0.057813 0.028125
0 0.489844 0.754687 0.064062 0.025000
0 0.644531 0.757031 0.064062 0.026562
0 0.838281 0.644531 0.064062 0.026562
0 0.940625 0.446875 0.056250 0.028125
0 0.028125 0.682031 0.056250 0.026562
0 0.048438 0.589844 0.059375 0.026562
0 0.157031 0.775781 0.060937 0.026562
0 0.032031 0.795312 0.060937 0.025000
0 0.029687 0.835156 0.059375 0.026562
0 0.369531 0.931250 0.064062 0.028125
0 0.475000 0.970313 0.068750 0.028125
0 0.719531 0.988281 0.070312 0.023438
0 0.828125 0.814844 0.065625 0.029687
0 0.771875 0.390625 0.084375 0.062500
0 0.672656 0.160156 0.023438 0.029687
0 0.570312 0.184375 0.015625 0.025000
0 0.485938 0.186719 0.018750 0.029687
0 0.494531 0.141406 0.020313 0.029687
0 0.535156 0.175000 0.045312 0.109375
0 0.413281 0.182812 0.026562 0.031250
0 0.487500 0.081250 0.021875 0.028125
0 0.528906 0.066406 0.032813 0.042188
0 0.443750 0.014063 0.028125 0.028125
0 0.115625 0.106250 0.018750 0.025000
0 0.079687 0.992188 0.159375 0.015625
0 0.665625 0.891406 0.140625 0.067187
0 0.172656 0.894531 0.139063 0.064062
0 0.340625 0.846875 0.118750 0.053125
0 0.478906 0.803906 0.135937 0.042188
0 0.644531 0.596875 0.089063 0.043750
0 0.950000 0.635156 0.087500 0.045312
0 0.582812 0.970313 0.068750 0.028125
0 0.319531 0.990625 0.114062 0.018750